  120
JAGUARI      120    0.    0.0.000000      0.      0.   0.   0.0 0.00    0.  123 0
 0   0    0.
    0.    0.    0.    0.    0.    0.    0.    0.    0.    0.    0.    0.
  121
PARAIBUNA    121    0.    0.0.000000      0.      0.   0.   0.0 0.00    0.  122 0
 0   0    0.
    0.    0.    0.    0.    0.    0.    0.    0.    0.    0.    0.    0.
  122
SANTA BRANCA 122    0.    0.0.000000      0.      0.   0.   0.0 0.00    0.  123 0
 0   0    0.
    0.    0.    0.    0.    0.    0.    0.    0.    0.    0.    0.    0.
  123
FUNIL        123    0.    0.0.000000      0.      0.   0.   0.0 0.00    0.  125 0
 0   0    0.
    0.    0.    0.    0.    0.    0.    0.    0.    0.    0.    0.    0.
  124
LAJES        202    0.    0.0.000000      0.      0.   0.   0.0 0.00    0.  183 0
 0   0    0.
    0.    0.    0.    0.    0.    0.    0.    0.    0.    0.    0.    0.
  125
_STA CECILIA 125    0.    0.0.000000      0.      0.   0.   0.0 0.00    0.  129 0
 0   0    0.
    0.    0.    0.    0.    0.    0.    0.    0.    0.    0.    0.    0.
  126
PICADA       197    0.    0.0.000000      0.      0.   0.   0.0 0.00    0.  127 0
 0   0    0.
    0.    0.    0.    0.    0.    0.    0.    0.    0.    0.    0.    0.
  127
SOBRAGI      198    0.    0.0.000000      0.      0.   0.   0.0 0.00    0.  129 0
 0   0    0.
    0.    0.    0.    0.    0.    0.    0.    0.    0.    0.    0.    0.
  129
SIMPLICIO    129    0.    0.0.000000      0.      0.   0.   0.0 0.00    0.  130 0
 0   0    0.
    0.    0.    0.    0.    0.    0.    0.    0.    0.    0.    0.    0.
  130
ILHA POMBOS  130    0.    0.0.000000      0.      0.   0.   0.0 0.00    0.  186 0
 0   0    0.
    0.    0.    0.    0.    0.    0.    0.    0.    0.    0.    0.    0.
  131
NILO PECANHA 300    0.    0.0.000000      0.      0.   0.   0.0 0.00    0.  133 0
 0   0    0.
    0.    0.    0.    0.    0.    0.    0.    0.    0.    0.    0.    0.
  133
P. PASSOS    202    0.    0.0.000000      0.      0.   0.   0.0 0.00    0.    0 0
 0   0    0.
    0.    0.    0.    0.    0.    0.    0.    0.    0.    0.    0.    0.
  180
_TOCOS       201    0.    0.0.000000      0.      0.   0.   0.0 0.00    0.  181 0
 0   0    0.
    0.    0.    0.    0.    0.    0.    0.    0.    0.    0.    0.    0.
  181
_SANTANA     203    0.    0.0.000000      0.      0.   0.   0.0 0.00    0.  129 0
 0   0    0.
    0.    0.    0.    0.    0.    0.    0.    0.    0.    0.    0.    0.
  182
_VIGARIO     300    0.    0.0.000000      0.      0.   0.   0.0 0.00    0.  131 0
 0   0    0.
    0.    0.    0.    0.    0.    0.    0.    0.    0.    0.    0.    0.
  183
_FONTES A    202    0.    0.0.000000      0.      0.   0.   0.0 0.00    0.  133 0
 0   0    0.
    0.    0.    0.    0.    0.    0.    0.    0.    0.    0.    0.    0.
  184
_FONTES BC   300    0.    0.0.000000      0.      0.   0.   0.0 0.00    0.  133 0
 0   0    0.
    0.    0.    0.    0.    0.    0.    0.    0.    0.    0.    0.    0.
  186
             199    0.    0.0.000000      0.      0.   0.   0.0 0.00    0.    0 0
 0   0    0.
    0.    0.    0.    0.    0.    0.    0.    0.    0.    0.    0.    0.
00000
00000
