**** Planta:   73 JORDAO       Penal:            4
A~no ......1 ......2 ......3 ......4 ......5 ......6 ......7 ......8 ......9 .....10 .....11 .....12
2021      10      10      10      10      10      10      10      10      10      10      10      10
2022      10      10      10      10      10      10      10      10      10      10      10      10
2023      10      10      10      10      10      10      10      10      10      10      10      10
2024      10      10      10      10      10      10      10      10      10      10      10      10
2025      10      10      10      10      10      10      10      10      10      10      10      10
2026      10      10      10      10      10      10      10      10      10      10      10      10
2027      10      10      10      10      10      10      10      10      10      10      10      10
2028      10      10      10      10      10      10      10      10      10      10      10      10
2029      10      10      10      10      10      10      10      10      10      10      10      10
2030      10      10      10      10      10      10      10      10      10      10      10      10
2031      10      10      10      10      10      10      10      10      10      10      10      10
2032      10      10      10      10      10      10      10      10      10      10      10      10
2033      10      10      10      10      10      10      10      10      10      10      10      10
2034      10      10      10      10      10      10      10      10      10      10      10      10
2035      10      10      10      10      10      10      10      10      10      10      10      10
2036      10      10      10      10      10      10      10      10      10      10      10      10
2037      10      10      10      10      10      10      10      10      10      10      10      10
2038      10      10      10      10      10      10      10      10      10      10      10      10
2039      10      10      10      10      10      10      10      10      10      10      10      10
2040      10      10      10      10      10      10      10      10      10      10      10      10
2041      10      10      10      10      10      10      10      10      10      10      10      10
2042      10      10      10      10      10      10      10      10      10      10      10      10
