NUM ...Nombre... .TP ...PrdEsp... ...PrdHid... U .....A0..... .....A1..... .....A2..... .....A3..... .....A4.....
  57 MAUA                 0.008893         1.62 2     588.6896   0.04018106  -1.415e-005 3.21333e-009 -3.0187e-013
  71 STA CLARA PR         0.008974         2.27 2      766.125     0.168866 -0.000312812 3.99019e-007 -2.2478e-010
  72 FUNDAO               0.008914         3.29 2     668.9053     2.781376   -0.1120216    0.0026005 -2.2968e-005
  74 G.B. MUNHOZ          0.008963          2.2 2      650.876    0.0349868 -6.5002e-006 7.77797e-010 -3.9529e-014
  83 BAIXO IGUACU         0.009094         0.29 2     246.7161    0.1084496 -0.000335927 4.61028e-007            0
  86 BARRA GRANDE         0.009189         2.66 2     539.8612   0.04456064 -8.1486e-006 9.32403e-010 -4.3899e-014
  89 GARIBALDI            0.009025         0.97 2     693.2867   0.03963221            0            0            0
  90 CAMPOS NOVOS         0.009075         2.36 2     242.9207     1.074153 -0.001103705 5.20823e-007  -9.242e-011
  91 MACHADINHO            0.00904         1.44 2     401.2168    0.0500965  -1.573e-005 3.29655e-009 -2.8828e-013
  92 ITA                  0.008961         1.62 2     368.6954            0            0            0            0
  93 PASSO FUNDO          0.008926         2.95 1     580.3909    0.0221501 -1.4134e-005 6.34468e-009 -1.1547e-012
  94 MONJOLINHO           0.009025          1.7 2        174.9     3.587054  -0.03450381 0.0001553922 -2.6205e-007
  95 QUEBRA QUEIX         0.008692         3.06 2     503.9448     0.541329  -0.00196869 3.08552e-006            0
 101 SAO JOSE             0.008909         0.25 2     154.3212            0            0            0            0
 102 PASSO S JOAO         0.009064         0.32 2     118.5711    0.1861556 -0.001278737 3.84183e-006            0
 103 FOZ CHAPECO          0.008865         1.38 2     244.7873   0.01345915 -1.9273e-010 8.45712e-014 -1.3878e-017
  97 CASTRO ALVES         0.009025            8 2      209.603     0.569508  -0.00410112 2.00725e-005 -4.0063e-008
  98 MONTE CLARO          0.009025            4 2     135.7746     1.499699  -0.04863175  0.001086762 -1.0375e-005
  99 14 DE JULHO          0.008922         0.73 2       79.667    0.9847667  -0.01495106 0.0001189643 -3.5497e-007
 110 ERNESTINA                   0            0 1     480.6108    0.1062599 -0.000703562 2.59386e-006 -3.6696e-009
 111 PASSO REAL           0.009221         1.34 1      293.938    0.0239738 -9.6548e-006 2.30087e-009 -2.1199e-013
 112 JACUI                0.008731         2.73 1      277.767            0            0            0            0
 113 ITAUBA               0.009221          1.9 1     182.2269            0            0            0            0
 114 D. FRANCISCA         0.008633          0.4 2     93.61488            0            0            0            0
 115 G.P. SOUZA           0.008737        19.18 2      812.605     0.491744 -0.004011519 1.95226e-005 -3.7995e-008
 215 SALTO PILAO          0.009015         8.45 2      316.622      15.2326    -37.90088     66.25934    -43.31781
  73 JORDAO                      0            0 1     574.7998         0.32            0            0            0
  76 SEGREDO                0.0089         1.57 2     552.5449    0.0246922 -2.1034e-006            0            0
  77 SLT.SANTIAGO         0.009013         1.82 2     447.7319    0.0182332 -2.8712e-006  3.0026e-010  -1.273e-014
  78 SALTO OSORIO         0.008964         1.27 2      396.424            0            0            0            0
  82 SALTO CAXIAS         0.008733         0.76 2     324.4437            0            0            0            0
