$version=2
**** Load  :   11 NOFICT1      Sgmnt:    1
YEAR BLK     1     2     3     4     5     6     7     8     9    10    11    12
2021   1     0     0     0     0     0     0     0     0     0     0     0     0
2021   2     0     0     0     0     0     0     0     0     0     0     0     0
2021   3     0     0     0     0     0     0     0     0     0     0     0     0
2022   1     0     0     0     0     0     0     0     0     0     0     0     0
2022   2     0     0     0     0     0     0     0     0     0     0     0     0
2022   3     0     0     0     0     0     0     0     0     0     0     0     0
2023   1     0     0     0     0     0     0     0     0     0     0     0     0
2023   2     0     0     0     0     0     0     0     0     0     0     0     0
2023   3     0     0     0     0     0     0     0     0     0     0     0     0
2024   1     0     0     0     0     0     0     0     0     0     0     0     0
2024   2     0     0     0     0     0     0     0     0     0     0     0     0
2024   3     0     0     0     0     0     0     0     0     0     0     0     0
2025   1     0     0     0     0     0     0     0     0     0     0     0     0
2025   2     0     0     0     0     0     0     0     0     0     0     0     0
2025   3     0     0     0     0     0     0     0     0     0     0     0     0
2026   1     0     0     0     0     0     0     0     0     0     0     0     0
2026   2     0     0     0     0     0     0     0     0     0     0     0     0
2026   3     0     0     0     0     0     0     0     0     0     0     0     0
2027   1     0     0     0     0     0     0     0     0     0     0     0     0
2027   2     0     0     0     0     0     0     0     0     0     0     0     0
2027   3     0     0     0     0     0     0     0     0     0     0     0     0
2028   1     0     0     0     0     0     0     0     0     0     0     0     0
2028   2     0     0     0     0     0     0     0     0     0     0     0     0
2028   3     0     0     0     0     0     0     0     0     0     0     0     0
2029   1     0     0     0     0     0     0     0     0     0     0     0     0
2029   2     0     0     0     0     0     0     0     0     0     0     0     0
2029   3     0     0     0     0     0     0     0     0     0     0     0     0
2030   1     0     0     0     0     0     0     0     0     0     0     0     0
2030   2     0     0     0     0     0     0     0     0     0     0     0     0
2030   3     0     0     0     0     0     0     0     0     0     0     0     0
