**** Planta:  109                                0
A~no Blk ......1 ......2 ......3 ......4 ......5 ......6 ......7 ......8 ......9 .....10 .....11 .....12
2021   1                                                               0       0       0       0       0
2021   2                                                               0       0       0       0       0
2021   3                                                               0       0       0       0       0
2022   1       0       0       0       0       0       0       0       0       0       0       0       0
2022   2       0       0       0       0       0       0       0       0       0       0       0       0
2022   3       0       0       0       0       0       0       0       0       0       0       0       0
2023   1       0       0       0       0       0       0       0       0       0       0       0       0
2023   2       0       0       0       0       0       0       0       0       0       0       0       0
2023   3       0       0       0       0       0       0       0       0       0       0       0       0
2024   1       0       0       0       0       0       0       0       0       0       0       0       0
2024   2       0       0       0       0       0       0       0       0       0       0       0       0
2024   3       0       0       0       0       0       0       0       0       0       0       0       0
2025   1       0       0       0       0       0       0       0       0       0       0       0       0
2025   2       0       0       0       0       0       0       0       0       0       0       0       0
2025   3       0       0       0       0       0       0       0       0       0       0       0       0
**** Planta:  111                                0
A~no Blk ......1 ......2 ......3 ......4 ......5 ......6 ......7 ......8 ......9 .....10 .....11 .....12
2021   1                                                               0       0       0       0       0
2021   2                                                               0       0       0       0       0
2021   3                                                               0       0       0       0       0
2022   1       0       0       0       0       0       0       0       0       0       0       0       0
2022   2       0       0       0       0       0       0       0       0       0       0       0       0
2022   3       0       0       0       0       0       0       0       0       0       0       0       0
2023   1       0       0       0       0       0       0       0       0       0       0       0       0
2023   2       0       0       0       0       0       0       0       0       0       0       0       0
2023   3       0       0       0       0       0       0       0       0       0       0       0       0
2024   1       0       0       0       0       0       0       0       0       0       0       0       0
2024   2       0       0       0       0       0       0       0       0       0       0       0       0
2024   3       0       0       0       0       0       0       0       0       0       0       0       0
2025   1       0       0       0       0       0       0       0       0       0       0       0       0
2025   2       0       0       0       0       0       0       0       0       0       0       0       0
2025   3       0       0       0       0       0       0       0       0       0       0       0       0
**** Planta:  112                                0
A~no Blk ......1 ......2 ......3 ......4 ......5 ......6 ......7 ......8 ......9 .....10 .....11 .....12
2021   1                                                               0       0       0       0       0
2021   2                                                               0       0       0       0       0
2021   3                                                               0       0       0       0       0
2022   1       0       0       0       0       0       0       0       0       0       0       0       0
2022   2       0       0       0       0       0       0       0       0       0       0       0       0
2022   3       0       0       0       0       0       0       0       0       0       0       0       0
2023   1       0       0       0       0       0       0       0       0       0       0       0       0
2023   2       0       0       0       0       0       0       0       0       0       0       0       0
2023   3       0       0       0       0       0       0       0       0       0       0       0       0
2024   1       0       0       0       0       0       0       0       0       0       0       0       0
2024   2       0       0       0       0       0       0       0       0       0       0       0       0
2024   3       0       0       0       0       0       0       0       0       0       0       0       0
2025   1       0       0       0       0       0       0       0       0       0       0       0       0
2025   2       0       0       0       0       0       0       0       0       0       0       0       0
2025   3       0       0       0       0       0       0       0       0       0       0       0       0
**** Planta:  113                                0
A~no Blk ......1 ......2 ......3 ......4 ......5 ......6 ......7 ......8 ......9 .....10 .....11 .....12
2021   1                                                               0       0       0       0       0
2021   2                                                               0       0       0       0       0
2021   3                                                               0       0       0       0       0
2022   1       0       0       0       0       0       0       0       0       0       0       0       0
2022   2       0       0       0       0       0       0       0       0       0       0       0       0
2022   3       0       0       0       0       0       0       0       0       0       0       0       0
2023   1       0       0       0       0       0       0       0       0       0       0       0       0
2023   2       0       0       0       0       0       0       0       0       0       0       0       0
2023   3       0       0       0       0       0       0       0       0       0       0       0       0
2024   1       0       0       0       0       0       0       0       0       0       0       0       0
2024   2       0       0       0       0       0       0       0       0       0       0       0       0
2024   3       0       0       0       0       0       0       0       0       0       0       0       0
2025   1       0       0       0       0       0       0       0       0       0       0       0       0
2025   2       0       0       0       0       0       0       0       0       0       0       0       0
2025   3       0       0       0       0       0       0       0       0       0       0       0       0
**** Planta:  235                                0
A~no Blk ......1 ......2 ......3 ......4 ......5 ......6 ......7 ......8 ......9 .....10 .....11 .....12
2021   1                                                               0       0       0       0       0
2021   2                                                               0       0       0       0       0
2021   3                                                               0       0       0       0       0
2022   1       0       0       0       0       0       0       0       0       0       0       0       0
2022   2       0       0       0       0       0       0       0       0       0       0       0       0
2022   3       0       0       0       0       0       0       0       0       0       0       0       0
2023   1       0       0       0       0       0       0       0       0       0       0       0       0
2023   2       0       0       0       0       0       0       0       0       0       0       0       0
2023   3       0       0       0       0       0       0       0       0       0       0       0       0
2024   1       0       0       0       0       0       0       0       0       0       0       0       0
2024   2       0       0       0       0       0       0       0       0       0       0       0       0
2024   3       0       0       0       0       0       0       0       0       0       0       0       0
2025   1       0       0       0       0       0       0       0       0       0       0       0       0
2025   2       0       0       0       0       0       0       0       0       0       0       0       0
2025   3       0       0       0       0       0       0       0       0       0       0       0       0
**** Planta:  166                                0
A~no Blk ......1 ......2 ......3 ......4 ......5 ......6 ......7 ......8 ......9 .....10 .....11 .....12
2021   1                                                               0       0       0       0       0
2021   2                                                               0       0       0       0       0
2021   3                                                               0       0       0       0       0
2022   1       0       0       0       0       0       0       0       0       0       0       0       0
2022   2       0       0       0       0       0       0       0       0       0       0       0       0
2022   3       0       0       0       0       0       0       0       0       0       0       0       0
2023   1       0       0       0       0       0       0       0       0       0       0       0       0
2023   2       0       0       0       0       0       0       0       0       0       0       0       0
2023   3       0       0       0       0       0       0       0       0       0       0       0       0
2024   1       0       0       0       0       0       0       0       0       0       0       0       0
2024   2       0       0       0       0       0       0       0       0       0       0       0       0
2024   3       0       0       0       0       0       0       0       0       0       0       0       0
2025   1       0       0       0       0       0       0       0       0       0       0       0       0
2025   2       0       0       0       0       0       0       0       0       0       0       0       0
2025   3       0       0       0       0       0       0       0       0       0       0       0       0
**** Planta:   52                                0
A~no Blk ......1 ......2 ......3 ......4 ......5 ......6 ......7 ......8 ......9 .....10 .....11 .....12
2021   1                                                               0       0       0       0       0
2021   2                                                               0       0       0       0       0
2021   3                                                               0       0       0       0       0
2022   1       0       0       0       0       0       0       0       0       0       0       0       0
2022   2       0       0       0       0       0       0       0       0       0       0       0       0
2022   3       0       0       0       0       0       0       0       0       0       0       0       0
2023   1       0       0       0       0       0       0       0       0       0       0       0       0
2023   2       0       0       0       0       0       0       0       0       0       0       0       0
2023   3       0       0       0       0       0       0       0       0       0       0       0       0
2024   1       0       0       0       0       0       0       0       0       0       0       0       0
2024   2       0       0       0       0       0       0       0       0       0       0       0       0
2024   3       0       0       0       0       0       0       0       0       0       0       0       0
2025   1       0       0       0       0       0       0       0       0       0       0       0       0
2025   2       0       0       0       0       0       0       0       0       0       0       0       0
2025   3       0       0       0       0       0       0       0       0       0       0       0       0
**** Planta:  117                                0
A~no Blk ......1 ......2 ......3 ......4 ......5 ......6 ......7 ......8 ......9 .....10 .....11 .....12
2021   1                                                               0       0       0       0       0
2021   2                                                               0       0       0       0       0
2021   3                                                               0       0       0       0       0
2022   1       0       0       0       0       0       0       0       0       0       0       0       0
2022   2       0       0       0       0       0       0       0       0       0       0       0       0
2022   3       0       0       0       0       0       0       0       0       0       0       0       0
2023   1       0       0       0       0       0       0       0       0       0       0       0       0
2023   2       0       0       0       0       0       0       0       0       0       0       0       0
2023   3       0       0       0       0       0       0       0       0       0       0       0       0
2024   1       0       0       0       0       0       0       0       0       0       0       0       0
2024   2       0       0       0       0       0       0       0       0       0       0       0       0
2024   3       0       0       0       0       0       0       0       0       0       0       0       0
2025   1       0       0       0       0       0       0       0       0       0       0       0       0
2025   2       0       0       0       0       0       0       0       0       0       0       0       0
2025   3       0       0       0       0       0       0       0       0       0       0       0       0
**** Planta:  119                                0
A~no Blk ......1 ......2 ......3 ......4 ......5 ......6 ......7 ......8 ......9 .....10 .....11 .....12
2021   1                                                               0       0       0       0       0
2021   2                                                               0       0       0       0       0
2021   3                                                               0       0       0       0       0
2022   1       0       0       0       0       0       0       0       0       0       0       0       0
2022   2       0       0       0       0       0       0       0       0       0       0       0       0
2022   3       0       0       0       0       0       0       0       0       0       0       0       0
2023   1       0       0       0       0       0       0       0       0       0       0       0       0
2023   2       0       0       0       0       0       0       0       0       0       0       0       0
2023   3       0       0       0       0       0       0       0       0       0       0       0       0
2024   1       0       0       0       0       0       0       0       0       0       0       0       0
2024   2       0       0       0       0       0       0       0       0       0       0       0       0
2024   3       0       0       0       0       0       0       0       0       0       0       0       0
2025   1       0       0       0       0       0       0       0       0       0       0       0       0
2025   2       0       0       0       0       0       0       0       0       0       0       0       0
2025   3       0       0       0       0       0       0       0       0       0       0       0       0
**** Planta:  121                                0
A~no Blk ......1 ......2 ......3 ......4 ......5 ......6 ......7 ......8 ......9 .....10 .....11 .....12
2021   1                                                               0       0       0       0       0
2021   2                                                               0       0       0       0       0
2021   3                                                               0       0       0       0       0
2022   1       0       0       0       0       0       0       0       0       0       0       0       0
2022   2       0       0       0       0       0       0       0       0       0       0       0       0
2022   3       0       0       0       0       0       0       0       0       0       0       0       0
2023   1       0       0       0       0       0       0       0       0       0       0       0       0
2023   2       0       0       0       0       0       0       0       0       0       0       0       0
2023   3       0       0       0       0       0       0       0       0       0       0       0       0
2024   1       0       0       0       0       0       0       0       0       0       0       0       0
2024   2       0       0       0       0       0       0       0       0       0       0       0       0
2024   3       0       0       0       0       0       0       0       0       0       0       0       0
2025   1       0       0       0       0       0       0       0       0       0       0       0       0
2025   2       0       0       0       0       0       0       0       0       0       0       0       0
2025   3       0       0       0       0       0       0       0       0       0       0       0       0
**** Planta:  125                                0
A~no Blk ......1 ......2 ......3 ......4 ......5 ......6 ......7 ......8 ......9 .....10 .....11 .....12
2021   1                                                               0       0       0       0       0
2021   2                                                               0       0       0       0       0
2021   3                                                               0       0       0       0       0
2022   1       0       0       0       0       0       0       0       0       0       0       0       0
2022   2       0       0       0       0       0       0       0       0       0       0       0       0
2022   3       0       0       0       0       0       0       0       0       0       0       0       0
2023   1       0       0       0       0       0       0       0       0       0       0       0       0
2023   2       0       0       0       0       0       0       0       0       0       0       0       0
2023   3       0       0       0       0       0       0       0       0       0       0       0       0
2024   1       0       0       0       0       0       0       0       0       0       0       0       0
2024   2       0       0       0       0       0       0       0       0       0       0       0       0
2024   3       0       0       0       0       0       0       0       0       0       0       0       0
2025   1       0       0       0       0       0       0       0       0       0       0       0       0
2025   2       0       0       0       0       0       0       0       0       0       0       0       0
2025   3       0       0       0       0       0       0       0       0       0       0       0       0
**** Planta:  106                                0
A~no Blk ......1 ......2 ......3 ......4 ......5 ......6 ......7 ......8 ......9 .....10 .....11 .....12
2021   1                                                               0       0       0       0       0
2021   2                                                               0       0       0       0       0
2021   3                                                               0       0       0       0       0
2022   1       0       0       0       0       0       0       0       0       0       0       0       0
2022   2       0       0       0       0       0       0       0       0       0       0       0       0
2022   3       0       0       0       0       0       0       0       0       0       0       0       0
2023   1       0       0       0       0       0       0       0       0       0       0       0       0
2023   2       0       0       0       0       0       0       0       0       0       0       0       0
2023   3       0       0       0       0       0       0       0       0       0       0       0       0
2024   1       0       0       0       0       0       0       0       0       0       0       0       0
2024   2       0       0       0       0       0       0       0       0       0       0       0       0
2024   3       0       0       0       0       0       0       0       0       0       0       0       0
2025   1       0       0       0       0       0       0       0       0       0       0       0       0
2025   2       0       0       0       0       0       0       0       0       0       0       0       0
2025   3       0       0       0       0       0       0       0       0       0       0       0       0
**** Planta:   42                                0
A~no Blk ......1 ......2 ......3 ......4 ......5 ......6 ......7 ......8 ......9 .....10 .....11 .....12
2021   1                                                               0       0       0       0       0
2021   2                                                               0       0       0       0       0
2021   3                                                               0       0       0       0       0
2022   1     223     223     223     223     223     223     223     223     223     223     223     223
2022   2     223     223     223     223     223     223     223     223     223     223     223     223
2022   3     223     223     223     223     223     223     223     223     223     223     223     223
2023   1     223     223     223     223     223     223     223     223     223     223     223     223
2023   2     223     223     223     223     223     223     223     223     223     223     223     223
2023   3     223     223     223     223     223     223     223     223     223     223     223     223
2024   1     223     223     223     223     223     223     223     223     223     223     223     223
2024   2     223     223     223     223     223     223     223     223     223     223     223     223
2024   3     223     223     223     223     223     223     223     223     223     223     223     223
2025   1     223     223     223     223     223     223     223     223     223     223     223     223
2025   2     223     223     223     223     223     223     223     223     223     223     223     223
2025   3     223     223     223     223     223     223     223     223     223     223     223     223
**** Planta:   53                                0
A~no Blk ......1 ......2 ......3 ......4 ......5 ......6 ......7 ......8 ......9 .....10 .....11 .....12
2021   1                                                               0       0       0       0       0
2021   2                                                               0       0       0       0       0
2021   3                                                               0       0       0       0       0
2022   1       0       0       0       0       0       0       0       0       0       0       0       0
2022   2       0       0       0       0       0       0       0       0       0       0       0       0
2022   3       0       0       0       0       0       0       0       0       0       0       0       0
2023   1       0       0       0       0       0       0       0       0       0       0       0       0
2023   2       0       0       0       0       0       0       0       0       0       0       0       0
2023   3       0       0       0       0       0       0       0       0       0       0       0       0
2024   1       0       0       0       0       0       0       0       0       0       0       0       0
2024   2       0       0       0       0       0       0       0       0       0       0       0       0
2024   3       0       0       0       0       0       0       0       0       0       0       0       0
2025   1       0       0       0       0       0       0       0       0       0       0       0       0
2025   2       0       0       0       0       0       0       0       0       0       0       0       0
2025   3       0       0       0       0       0       0       0       0       0       0       0       0
**** Planta:   55                                0
A~no Blk ......1 ......2 ......3 ......4 ......5 ......6 ......7 ......8 ......9 .....10 .....11 .....12
2021   1                                                               0       0       0       0       0
2021   2                                                               0       0       0       0       0
2021   3                                                               0       0       0       0       0
2022   1       0       0       0       0       0       0       0       0       0       0       0       0
2022   2       0       0       0       0       0       0       0       0       0       0       0       0
2022   3       0       0       0       0       0       0       0       0       0       0       0       0
2023   1       0       0       0       0       0       0       0       0       0       0       0       0
2023   2       0       0       0       0       0       0       0       0       0       0       0       0
2023   3       0       0       0       0       0       0       0       0       0       0       0       0
2024   1       0       0       0       0       0       0       0       0       0       0       0       0
2024   2       0       0       0       0       0       0       0       0       0       0       0       0
2024   3       0       0       0       0       0       0       0       0       0       0       0       0
2025   1       0       0       0       0       0       0       0       0       0       0       0       0
2025   2       0       0       0       0       0       0       0       0       0       0       0       0
2025   3       0       0       0       0       0       0       0       0       0       0       0       0
**** Planta:  127                                0
A~no Blk ......1 ......2 ......3 ......4 ......5 ......6 ......7 ......8 ......9 .....10 .....11 .....12
2021   1                                                               0       0       0       0       0
2021   2                                                               0       0       0       0       0
2021   3                                                               0       0       0       0       0
2022   1       0       0       0       0       0       0       0       0       0       0       0       0
2022   2       0       0       0       0       0       0       0       0       0       0       0       0
2022   3       0       0       0       0       0       0       0       0       0       0       0       0
2023   1       0       0       0       0       0       0       0       0       0       0       0       0
2023   2       0       0       0       0       0       0       0       0       0       0       0       0
2023   3       0       0       0       0       0       0       0       0       0       0       0       0
2024   1       0       0       0       0       0       0       0       0       0       0       0       0
2024   2       0       0       0       0       0       0       0       0       0       0       0       0
2024   3       0       0       0       0       0       0       0       0       0       0       0       0
2025   1       0       0       0       0       0       0       0       0       0       0       0       0
2025   2       0       0       0       0       0       0       0       0       0       0       0       0
2025   3       0       0       0       0       0       0       0       0       0       0       0       0
**** Planta:  133                                0
A~no Blk ......1 ......2 ......3 ......4 ......5 ......6 ......7 ......8 ......9 .....10 .....11 .....12
2021   1                                                               0       0       0       0       0
2021   2                                                               0       0       0       0       0
2021   3                                                               0       0       0       0       0
2022   1       0       0       0       0       0       0       0       0       0       0       0       0
2022   2       0       0       0       0       0       0       0       0       0       0       0       0
2022   3       0       0       0       0       0       0       0       0       0       0       0       0
2023   1       0       0       0       0       0       0       0       0       0       0       0       0
2023   2       0       0       0       0       0       0       0       0       0       0       0       0
2023   3       0       0       0       0       0       0       0       0       0       0       0       0
2024   1       0       0       0       0       0       0       0       0       0       0       0       0
2024   2       0       0       0       0       0       0       0       0       0       0       0       0
2024   3       0       0       0       0       0       0       0       0       0       0       0       0
2025   1       0       0       0       0       0       0       0       0       0       0       0       0
2025   2       0       0       0       0       0       0       0       0       0       0       0       0
2025   3       0       0       0       0       0       0       0       0       0       0       0       0
**** Planta:   57                                0
A~no Blk ......1 ......2 ......3 ......4 ......5 ......6 ......7 ......8 ......9 .....10 .....11 .....12
2021   1                                                               0       0       0       0       0
2021   2                                                               0       0       0       0       0
2021   3                                                               0       0       0       0       0
2022   1       0       0       0       0       0       0       0       0       0       0       0       0
2022   2       0       0       0       0       0       0       0       0       0       0       0       0
2022   3       0       0       0       0       0       0       0       0       0       0       0       0
2023   1       0       0       0       0       0       0       0       0       0       0       0       0
2023   2       0       0       0       0       0       0       0       0       0       0       0       0
2023   3       0       0       0       0       0       0       0       0       0       0       0       0
2024   1       0       0       0       0       0       0       0       0       0       0       0       0
2024   2       0       0       0       0       0       0       0       0       0       0       0       0
2024   3       0       0       0       0       0       0       0       0       0       0       0       0
2025   1       0       0       0       0       0       0       0       0       0       0       0       0
2025   2       0       0       0       0       0       0       0       0       0       0       0       0
2025   3       0       0       0       0       0       0       0       0       0       0       0       0
**** Planta:  135                                0
A~no Blk ......1 ......2 ......3 ......4 ......5 ......6 ......7 ......8 ......9 .....10 .....11 .....12
2021   1                                                               0       0       0       0       0
2021   2                                                               0       0       0       0       0
2021   3                                                               0       0       0       0       0
2022   1       0       0       0       0       0       0       0       0       0       0       0       0
2022   2       0       0       0       0       0       0       0       0       0       0       0       0
2022   3       0       0       0       0       0       0       0       0       0       0       0       0
2023   1       0       0       0       0       0       0       0       0       0       0       0       0
2023   2       0       0       0       0       0       0       0       0       0       0       0       0
2023   3       0       0       0       0       0       0       0       0       0       0       0       0
2024   1       0       0       0       0       0       0       0       0       0       0       0       0
2024   2       0       0       0       0       0       0       0       0       0       0       0       0
2024   3       0       0       0       0       0       0       0       0       0       0       0       0
2025   1       0       0       0       0       0       0       0       0       0       0       0       0
2025   2       0       0       0       0       0       0       0       0       0       0       0       0
2025   3       0       0       0       0       0       0       0       0       0       0       0       0
**** Planta:  164                                0
A~no Blk ......1 ......2 ......3 ......4 ......5 ......6 ......7 ......8 ......9 .....10 .....11 .....12
2021   1                                                               0       0       0       0       0
2021   2                                                               0       0       0       0       0
2021   3                                                               0       0       0       0       0
2022   1       0       0       0       0       0       0       0       0       0       0       0       0
2022   2       0       0       0       0       0       0       0       0       0       0       0       0
2022   3       0       0       0       0       0       0       0       0       0       0       0       0
2023   1       0       0       0       0       0       0       0       0       0       0       0       0
2023   2       0       0       0       0       0       0       0       0       0       0       0       0
2023   3       0       0       0       0       0       0       0       0       0       0       0       0
2024   1       0       0       0       0       0       0       0       0       0       0       0       0
2024   2       0       0       0       0       0       0       0       0       0       0       0       0
2024   3       0       0       0       0       0       0       0       0       0       0       0       0
2025   1       0       0       0       0       0       0       0       0       0       0       0       0
2025   2       0       0       0       0       0       0       0       0       0       0       0       0
2025   3       0       0       0       0       0       0       0       0       0       0       0       0
**** Planta:  138                                0
A~no Blk ......1 ......2 ......3 ......4 ......5 ......6 ......7 ......8 ......9 .....10 .....11 .....12
2021   1                                                               0       0       0       0       0
2021   2                                                               0       0       0       0       0
2021   3                                                               0       0       0       0       0
2022   1       0       0       0       0       0       0       0       0       0       0       0       0
2022   2       0       0       0       0       0       0       0       0       0       0       0       0
2022   3       0       0       0       0       0       0       0       0       0       0       0       0
2023   1       0       0       0       0       0       0       0       0       0       0       0       0
2023   2       0       0       0       0       0       0       0       0       0       0       0       0
2023   3       0       0       0       0       0       0       0       0       0       0       0       0
2024   1       0       0       0       0       0       0       0       0       0       0       0       0
2024   2       0       0       0       0       0       0       0       0       0       0       0       0
2024   3       0       0       0       0       0       0       0       0       0       0       0       0
2025   1       0       0       0       0       0       0       0       0       0       0       0       0
2025   2       0       0       0       0       0       0       0       0       0       0       0       0
2025   3       0       0       0       0       0       0       0       0       0       0       0       0
**** Planta:  167                                0
A~no Blk ......1 ......2 ......3 ......4 ......5 ......6 ......7 ......8 ......9 .....10 .....11 .....12
2021   1                                                               0       0       0       0       0
2021   2                                                               0       0       0       0       0
2021   3                                                               0       0       0       0       0
2022   1       0       0       0       0       0       0       0       0       0       0       0       0
2022   2       0       0       0       0       0       0       0       0       0       0       0       0
2022   3       0       0       0       0       0       0       0       0       0       0       0       0
2023   1       0       0       0       0       0       0       0       0       0       0       0       0
2023   2       0       0       0       0       0       0       0       0       0       0       0       0
2023   3       0       0       0       0       0       0       0       0       0       0       0       0
2024   1       0       0       0       0       0       0       0       0       0       0       0       0
2024   2       0       0       0       0       0       0       0       0       0       0       0       0
2024   3       0       0       0       0       0       0       0       0       0       0       0       0
2025   1       0       0       0       0       0       0       0       0       0       0       0       0
2025   2       0       0       0       0       0       0       0       0       0       0       0       0
2025   3       0       0       0       0       0       0       0       0       0       0       0       0
**** Planta:  163                                0
A~no Blk ......1 ......2 ......3 ......4 ......5 ......6 ......7 ......8 ......9 .....10 .....11 .....12
2021   1                                                               0       0       0       0       0
2021   2                                                               0       0       0       0       0
2021   3                                                               0       0       0       0       0
2022   1       0       0       0       0       0       0       0       0       0       0       0       0
2022   2       0       0       0       0       0       0       0       0       0       0       0       0
2022   3       0       0       0       0       0       0       0       0       0       0       0       0
2023   1       0       0       0       0       0       0       0       0       0       0       0       0
2023   2       0       0       0       0       0       0       0       0       0       0       0       0
2023   3       0       0       0       0       0       0       0       0       0       0       0       0
2024   1       0       0       0       0       0       0       0       0       0       0       0       0
2024   2       0       0       0       0       0       0       0       0       0       0       0       0
2024   3       0       0       0       0       0       0       0       0       0       0       0       0
2025   1       0       0       0       0       0       0       0       0       0       0       0       0
2025   2       0       0       0       0       0       0       0       0       0       0       0       0
2025   3       0       0       0       0       0       0       0       0       0       0       0       0
**** Planta:  224                                0
A~no Blk ......1 ......2 ......3 ......4 ......5 ......6 ......7 ......8 ......9 .....10 .....11 .....12
2021   1                                                               0       0       0       0       0
2021   2                                                               0       0       0       0       0
2021   3                                                               0       0       0       0       0
2022   1       0       0       0       0       0       0       0       0       0       0       0       0
2022   2       0       0       0       0       0       0       0       0       0       0       0       0
2022   3       0       0       0       0       0       0       0       0       0       0       0       0
2023   1       0       0       0       0       0       0       0       0       0       0       0       0
2023   2       0       0       0       0       0       0       0       0       0       0       0       0
2023   3       0       0       0       0       0       0       0       0       0       0       0       0
2024   1       0       0       0       0       0       0       0       0       0       0       0       0
2024   2       0       0       0       0       0       0       0       0       0       0       0       0
2024   3       0       0       0       0       0       0       0       0       0       0       0       0
2025   1       0       0       0       0       0       0       0       0       0       0       0       0
2025   2       0       0       0       0       0       0       0       0       0       0       0       0
2025   3       0       0       0       0       0       0       0       0       0       0       0       0
**** Planta:  160                                0
A~no Blk ......1 ......2 ......3 ......4 ......5 ......6 ......7 ......8 ......9 .....10 .....11 .....12
2021   1                                                               0       0       0       0       0
2021   2                                                               0       0       0       0       0
2021   3                                                               0       0       0       0       0
2022   1       0       0       0       0       0       0       0       0       0       0       0       0
2022   2       0       0       0       0       0       0       0       0       0       0       0       0
2022   3       0       0       0       0       0       0       0       0       0       0       0       0
2023   1       0       0       0       0       0       0       0       0       0       0       0       0
2023   2       0       0       0       0       0       0       0       0       0       0       0       0
2023   3       0       0       0       0       0       0       0       0       0       0       0       0
2024   1       0       0       0       0       0       0       0       0       0       0       0       0
2024   2       0       0       0       0       0       0       0       0       0       0       0       0
2024   3       0       0       0       0       0       0       0       0       0       0       0       0
2025   1       0       0       0       0       0       0       0       0       0       0       0       0
2025   2       0       0       0       0       0       0       0       0       0       0       0       0
2025   3       0       0       0       0       0       0       0       0       0       0       0       0
**** Planta:  162                                0
A~no Blk ......1 ......2 ......3 ......4 ......5 ......6 ......7 ......8 ......9 .....10 .....11 .....12
2021   1                                                               0       0       0       0       0
2021   2                                                               0       0       0       0       0
2021   3                                                               0       0       0       0       0
2022   1       0       0       0       0       0       0       0       0       0       0       0       0
2022   2       0       0       0       0       0       0       0       0       0       0       0       0
2022   3       0       0       0       0       0       0       0       0       0       0       0       0
2023   1       0       0       0       0       0       0       0       0       0       0       0       0
2023   2       0       0       0       0       0       0       0       0       0       0       0       0
2023   3       0       0       0       0       0       0       0       0       0       0       0       0
2024   1       0       0       0       0       0       0       0       0       0       0       0       0
2024   2       0       0       0       0       0       0       0       0       0       0       0       0
2024   3       0       0       0       0       0       0       0       0       0       0       0       0
2025   1       0       0       0       0       0       0       0       0       0       0       0       0
2025   2       0       0       0       0       0       0       0       0       0       0       0       0
2025   3       0       0       0       0       0       0       0       0       0       0       0       0
**** Planta:   98                                0
A~no Blk ......1 ......2 ......3 ......4 ......5 ......6 ......7 ......8 ......9 .....10 .....11 .....12
2021   1                                                               0       0       0       0       0
2021   2                                                               0       0       0       0       0
2021   3                                                               0       0       0       0       0
2022   1       0       0       0       0       0       0       0       0       0       0       0       0
2022   2       0       0       0       0       0       0       0       0       0       0       0       0
2022   3       0       0       0       0       0       0       0       0       0       0       0       0
2023   1       0       0       0       0       0       0       0       0       0       0       0       0
2023   2       0       0       0       0       0       0       0       0       0       0       0       0
2023   3       0       0       0       0       0       0       0       0       0       0       0       0
2024   1       0       0       0       0       0       0       0       0       0       0       0       0
2024   2       0       0       0       0       0       0       0       0       0       0       0       0
2024   3       0       0       0       0       0       0       0       0       0       0       0       0
2025   1       0       0       0       0       0       0       0       0       0       0       0       0
2025   2       0       0       0       0       0       0       0       0       0       0       0       0
2025   3       0       0       0       0       0       0       0       0       0       0       0       0
**** Planta:  144                                0
A~no Blk ......1 ......2 ......3 ......4 ......5 ......6 ......7 ......8 ......9 .....10 .....11 .....12
2021   1                                                               0       0       0       0       0
2021   2                                                               0       0       0       0       0
2021   3                                                               0       0       0       0       0
2022   1       0       0       0       0       0       0       0       0       0       0       0       0
2022   2       0       0       0       0       0       0       0       0       0       0       0       0
2022   3       0       0       0       0       0       0       0       0       0       0       0       0
2023   1       0       0       0       0       0       0       0       0       0       0       0       0
2023   2       0       0       0       0       0       0       0       0       0       0       0       0
2023   3       0       0       0       0       0       0       0       0       0       0       0       0
2024   1       0       0       0       0       0       0       0       0       0       0       0       0
2024   2       0       0       0       0       0       0       0       0       0       0       0       0
2024   3       0       0       0       0       0       0       0       0       0       0       0       0
2025   1       0       0       0       0       0       0       0       0       0       0       0       0
2025   2       0       0       0       0       0       0       0       0       0       0       0       0
2025   3       0       0       0       0       0       0       0       0       0       0       0       0
**** Planta:  151                                0
A~no Blk ......1 ......2 ......3 ......4 ......5 ......6 ......7 ......8 ......9 .....10 .....11 .....12
2021   1                                                               0       0       0       0       0
2021   2                                                               0       0       0       0       0
2021   3                                                               0       0       0       0       0
2022   1       0       0       0       0       0       0       0       0       0       0       0       0
2022   2       0       0       0       0       0       0       0       0       0       0       0       0
2022   3       0       0       0       0       0       0       0       0       0       0       0       0
2023   1       0       0       0       0       0       0       0       0       0       0       0       0
2023   2       0       0       0       0       0       0       0       0       0       0       0       0
2023   3       0       0       0       0       0       0       0       0       0       0       0       0
2024   1       0       0       0       0       0       0       0       0       0       0       0       0
2024   2       0       0       0       0       0       0       0       0       0       0       0       0
2024   3       0       0       0       0       0       0       0       0       0       0       0       0
2025   1       0       0       0       0       0       0       0       0       0       0       0       0
2025   2       0       0       0       0       0       0       0       0       0       0       0       0
2025   3       0       0       0       0       0       0       0       0       0       0       0       0
**** Planta:  161                                0
A~no Blk ......1 ......2 ......3 ......4 ......5 ......6 ......7 ......8 ......9 .....10 .....11 .....12
2021   1                                                               0       0       0       0       0
2021   2                                                               0       0       0       0       0
2021   3                                                               0       0       0       0       0
2022   1       0       0       0       0       0       0       0       0       0       0       0       0
2022   2       0       0       0       0       0       0       0       0       0       0       0       0
2022   3       0       0       0       0       0       0       0       0       0       0       0       0
2023   1       0       0       0       0       0       0       0       0       0       0       0       0
2023   2       0       0       0       0       0       0       0       0       0       0       0       0
2023   3       0       0       0       0       0       0       0       0       0       0       0       0
2024   1       0       0       0       0       0       0       0       0       0       0       0       0
2024   2       0       0       0       0       0       0       0       0       0       0       0       0
2024   3       0       0       0       0       0       0       0       0       0       0       0       0
2025   1       0       0       0       0       0       0       0       0       0       0       0       0
2025   2       0       0       0       0       0       0       0       0       0       0       0       0
2025   3       0       0       0       0       0       0       0       0       0       0       0       0
**** Planta:  223                                0
A~no Blk ......1 ......2 ......3 ......4 ......5 ......6 ......7 ......8 ......9 .....10 .....11 .....12
2021   1                                                               0       0       0       0       0
2021   2                                                               0       0       0       0       0
2021   3                                                               0       0       0       0       0
2022   1       0       0       0       0       0       0       0       0       0       0       0       0
2022   2       0       0       0       0       0       0       0       0       0       0       0       0
2022   3       0       0       0       0       0       0       0       0       0       0       0       0
2023   1       0       0       0       0       0       0       0       0       0       0       0       0
2023   2       0       0       0       0       0       0       0       0       0       0       0       0
2023   3       0       0       0       0       0       0       0       0       0       0       0       0
2024   1       0       0       0       0       0       0       0       0       0       0       0       0
2024   2       0       0       0       0       0       0       0       0       0       0       0       0
2024   3       0       0       0       0       0       0       0       0       0       0       0       0
2025   1       0       0       0       0       0       0       0       0       0       0       0       0
2025   2       0       0       0       0       0       0       0       0       0       0       0       0
2025   3       0       0       0       0       0       0       0       0       0       0       0       0
**** Planta:  241                                0
A~no Blk ......1 ......2 ......3 ......4 ......5 ......6 ......7 ......8 ......9 .....10 .....11 .....12
2021   1                                                               0       0       0       0       0
2021   2                                                               0       0       0       0       0
2021   3                                                               0       0       0       0       0
2022   1       0       0       0       0       0       0       0       0       0       0       0       0
2022   2       0       0       0       0       0       0       0       0       0       0       0       0
2022   3       0       0       0       0       0       0       0       0       0       0       0       0
2023   1       0       0       0       0       0       0       0       0       0       0       0       0
2023   2       0       0       0       0       0       0       0       0       0       0       0       0
2023   3       0       0       0       0       0       0       0       0       0       0       0       0
2024   1       0       0       0       0       0       0       0       0       0       0       0       0
2024   2       0       0       0       0       0       0       0       0       0       0       0       0
2024   3       0       0       0       0       0       0       0       0       0       0       0       0
2025   1       0       0       0       0       0       0       0       0       0       0       0       0
2025   2       0       0       0       0       0       0       0       0       0       0       0       0
2025   3       0       0       0       0       0       0       0       0       0       0       0       0
**** Planta:  147                                0
A~no Blk ......1 ......2 ......3 ......4 ......5 ......6 ......7 ......8 ......9 .....10 .....11 .....12
2021   1                                                               0       0       0       0       0
2021   2                                                               0       0       0       0       0
2021   3                                                               0       0       0       0       0
2022   1       0       0       0       0       0       0       0       0       0       0       0       0
2022   2       0       0       0       0       0       0       0       0       0       0       0       0
2022   3       0       0       0       0       0       0       0       0       0       0       0       0
2023   1       0       0       0       0       0       0       0       0       0       0       0       0
2023   2       0       0       0       0       0       0       0       0       0       0       0       0
2023   3       0       0       0       0       0       0       0       0       0       0       0       0
2024   1       0       0       0       0       0       0       0       0       0       0       0       0
2024   2       0       0       0       0       0       0       0       0       0       0       0       0
2024   3       0       0       0       0       0       0       0       0       0       0       0       0
2025   1       0       0       0       0       0       0       0       0       0       0       0       0
2025   2       0       0       0       0       0       0       0       0       0       0       0       0
2025   3       0       0       0       0       0       0       0       0       0       0       0       0
**** Planta:  170                                0
A~no Blk ......1 ......2 ......3 ......4 ......5 ......6 ......7 ......8 ......9 .....10 .....11 .....12
2021   1                                                               0       0       0       0       0
2021   2                                                               0       0       0       0       0
2021   3                                                               0       0       0       0       0
2022   1       0       0       0       0       0       0       0       0       0       0       0       0
2022   2       0       0       0       0       0       0       0       0       0       0       0       0
2022   3       0       0       0       0       0       0       0       0       0       0       0       0
2023   1       0       0       0       0       0       0       0       0       0       0       0       0
2023   2       0       0       0       0       0       0       0       0       0       0       0       0
2023   3       0       0       0       0       0       0       0       0       0       0       0       0
2024   1       0       0       0       0       0       0       0       0       0       0       0       0
2024   2       0       0       0       0       0       0       0       0       0       0       0       0
2024   3       0       0       0       0       0       0       0       0       0       0       0       0
2025   1       0       0       0       0       0       0       0       0       0       0       0       0
2025   2       0       0       0       0       0       0       0       0       0       0       0       0
2025   3       0       0       0       0       0       0       0       0       0       0       0       0
**** Planta:  221                                0
A~no Blk ......1 ......2 ......3 ......4 ......5 ......6 ......7 ......8 ......9 .....10 .....11 .....12
2021   1                                                               0       0       0       0       0
2021   2                                                               0       0       0       0       0
2021   3                                                               0       0       0       0       0
2022   1       0       0       0       0       0       0       0       0       0       0       0       0
2022   2       0       0       0       0       0       0       0       0       0       0       0       0
2022   3       0       0       0       0       0       0       0       0       0       0       0       0
2023   1       0       0       0       0       0       0       0       0       0       0       0       0
2023   2       0       0       0       0       0       0       0       0       0       0       0       0
2023   3       0       0       0       0       0       0       0       0       0       0       0       0
2024   1       0       0       0       0       0       0       0       0       0       0       0       0
2024   2       0       0       0       0       0       0       0       0       0       0       0       0
2024   3       0       0       0       0       0       0       0       0       0       0       0       0
2025   1       0       0       0       0       0       0       0       0       0       0       0       0
2025   2       0       0       0       0       0       0       0       0       0       0       0       0
2025   3       0       0       0       0       0       0       0       0       0       0       0       0
**** Planta:   43                                0
A~no Blk ......1 ......2 ......3 ......4 ......5 ......6 ......7 ......8 ......9 .....10 .....11 .....12
2021   1                                                               0       0       0       0       0
2021   2                                                               0       0       0       0       0
2021   3                                                               0       0       0       0       0
2022   1       0       0       0       0       0       0       0       0       0       0       0       0
2022   2       0       0       0       0       0       0       0       0       0       0       0       0
2022   3       0       0       0       0       0       0       0       0       0       0       0       0
2023   1       0       0       0       0       0       0       0       0       0       0       0       0
2023   2       0       0       0       0       0       0       0       0       0       0       0       0
2023   3       0       0       0       0       0       0       0       0       0       0       0       0
2024   1       0       0       0       0       0       0       0       0       0       0       0       0
2024   2       0       0       0       0       0       0       0       0       0       0       0       0
2024   3       0       0       0       0       0       0       0       0       0       0       0       0
2025   1       0       0       0       0       0       0       0       0       0       0       0       0
2025   2       0       0       0       0       0       0       0       0       0       0       0       0
2025   3       0       0       0       0       0       0       0       0       0       0       0       0
**** Planta:  152                                0
A~no Blk ......1 ......2 ......3 ......4 ......5 ......6 ......7 ......8 ......9 .....10 .....11 .....12
2021   1                                                               0       0       0       0       0
2021   2                                                               0       0       0       0       0
2021   3                                                               0       0       0       0       0
2022   1       0       0       0       0       0       0       0       0       0       0       0       0
2022   2       0       0       0       0       0       0       0       0       0       0       0       0
2022   3       0       0       0       0       0       0       0       0       0       0       0       0
2023   1       0       0       0       0       0       0       0       0       0       0       0       0
2023   2       0       0       0       0       0       0       0       0       0       0       0       0
2023   3       0       0       0       0       0       0       0       0       0       0       0       0
2024   1       0       0       0       0       0       0       0       0       0       0       0       0
2024   2       0       0       0       0       0       0       0       0       0       0       0       0
2024   3       0       0       0       0       0       0       0       0       0       0       0       0
2025   1       0       0       0       0       0       0       0       0       0       0       0       0
2025   2       0       0       0       0       0       0       0       0       0       0       0       0
2025   3       0       0       0       0       0       0       0       0       0       0       0       0
**** Planta:   58                                0
A~no Blk ......1 ......2 ......3 ......4 ......5 ......6 ......7 ......8 ......9 .....10 .....11 .....12
2021   1                                                               0       0       0       0       0
2021   2                                                               0       0       0       0       0
2021   3                                                               0       0       0       0       0
2022   1       0       0       0       0       0       0       0       0       0       0       0       0
2022   2       0       0       0       0       0       0       0       0       0       0       0       0
2022   3       0       0       0       0       0       0       0       0       0       0       0       0
2023   1       0       0       0       0       0       0       0       0       0       0       0       0
2023   2       0       0       0       0       0       0       0       0       0       0       0       0
2023   3       0       0       0       0       0       0       0       0       0       0       0       0
2024   1       0       0       0       0       0       0       0       0       0       0       0       0
2024   2       0       0       0       0       0       0       0       0       0       0       0       0
2024   3       0       0       0       0       0       0       0       0       0       0       0       0
2025   1       0       0       0       0       0       0       0       0       0       0       0       0
2025   2       0       0       0       0       0       0       0       0       0       0       0       0
2025   3       0       0       0       0       0       0       0       0       0       0       0       0
**** Planta:  159                                0
A~no Blk ......1 ......2 ......3 ......4 ......5 ......6 ......7 ......8 ......9 .....10 .....11 .....12
2021   1                                                               0       0       0       0       0
2021   2                                                               0       0       0       0       0
2021   3                                                               0       0       0       0       0
2022   1       0       0       0       0       0       0       0       0       0       0       0       0
2022   2       0       0       0       0       0       0       0       0       0       0       0       0
2022   3       0       0       0       0       0       0       0       0       0       0       0       0
2023   1       0       0       0       0       0       0       0       0       0       0       0       0
2023   2       0       0       0       0       0       0       0       0       0       0       0       0
2023   3       0       0       0       0       0       0       0       0       0       0       0       0
2024   1       0       0       0       0       0       0       0       0       0       0       0       0
2024   2       0       0       0       0       0       0       0       0       0       0       0       0
2024   3       0       0       0       0       0       0       0       0       0       0       0       0
2025   1       0       0       0       0       0       0       0       0       0       0       0       0
2025   2       0       0       0       0       0       0       0       0       0       0       0       0
2025   3       0       0       0       0       0       0       0       0       0       0       0       0
**** Planta:   67                                0
A~no Blk ......1 ......2 ......3 ......4 ......5 ......6 ......7 ......8 ......9 .....10 .....11 .....12
2021   1                                                               0       0       0       0       0
2021   2                                                               0       0       0       0       0
2021   3                                                               0       0       0       0       0
2022   1       0       0       0       0       0       0       0       0       0       0       0       0
2022   2       0       0       0       0       0       0       0       0       0       0       0       0
2022   3       0       0       0       0       0       0       0       0       0       0       0       0
2023   1       0       0       0       0       0       0       0       0       0       0       0       0
2023   2       0       0       0       0       0       0       0       0       0       0       0       0
2023   3       0       0       0       0       0       0       0       0       0       0       0       0
2024   1       0       0       0       0       0       0       0       0       0       0       0       0
2024   2       0       0       0       0       0       0       0       0       0       0       0       0
2024   3       0       0       0       0       0       0       0       0       0       0       0       0
2025   1       0       0       0       0       0       0       0       0       0       0       0       0
2025   2       0       0       0       0       0       0       0       0       0       0       0       0
2025   3       0       0       0       0       0       0       0       0       0       0       0       0
**** Planta:   69                                0
A~no Blk ......1 ......2 ......3 ......4 ......5 ......6 ......7 ......8 ......9 .....10 .....11 .....12
2021   1                                                               0       0       0       0       0
2021   2                                                               0       0       0       0       0
2021   3                                                               0       0       0       0       0
2022   1       0       0       0       0       0       0       0       0       0       0       0       0
2022   2       0       0       0       0       0       0       0       0       0       0       0       0
2022   3       0       0       0       0       0       0       0       0       0       0       0       0
2023   1       0       0       0       0       0       0       0       0       0       0       0       0
2023   2       0       0       0       0       0       0       0       0       0       0       0       0
2023   3       0       0       0       0       0       0       0       0       0       0       0       0
2024   1       0       0       0       0       0       0       0       0       0       0       0       0
2024   2       0       0       0       0       0       0       0       0       0       0       0       0
2024   3       0       0       0       0       0       0       0       0       0       0       0       0
2025   1       0       0       0       0       0       0       0       0       0       0       0       0
2025   2       0       0       0       0       0       0       0       0       0       0       0       0
2025   3       0       0       0       0       0       0       0       0       0       0       0       0
**** Planta:   96                                0
A~no Blk ......1 ......2 ......3 ......4 ......5 ......6 ......7 ......8 ......9 .....10 .....11 .....12
2021   1                                                           310.1  348.79  348.79  348.79  348.79
2021   2                                                           310.1  348.79  348.79  348.79  348.79
2021   3                                                           310.1  348.79  348.79  348.79  348.79
2022   1  348.79  348.79  348.79   345.7  348.79  348.79  348.79  348.79  348.79  348.79  348.79  348.79
2022   2  348.79  348.79  348.79   345.7  348.79  348.79  348.79  348.79  348.79  348.79  348.79  348.79
2022   3  348.79  348.79  348.79   345.7  348.79  348.79  348.79  348.79  348.79  348.79  348.79  348.79
2023   1  348.79  348.79  348.79  348.79  202.22  348.79  348.79  348.79  348.79  348.79  348.79  348.79
2023   2  348.79  348.79  348.79  348.79  202.22  348.79  348.79  348.79  348.79  348.79  348.79  348.79
2023   3  348.79  348.79  348.79  348.79  202.22  348.79  348.79  348.79  348.79  348.79  348.79  348.79
2024   1  348.79  348.79  348.79  348.79  348.79  348.79  348.79  348.79  348.79  348.79  348.79  348.79
2024   2  348.79  348.79  348.79  348.79  348.79  348.79  348.79  348.79  348.79  348.79  348.79  348.79
2024   3  348.79  348.79  348.79  348.79  348.79  348.79  348.79  348.79  348.79  348.79  348.79  348.79
2025   1  348.79  348.79  348.79  348.79  348.79  348.79  348.79  348.79  348.79  348.79  348.79  348.79
2025   2  348.79  348.79  348.79  348.79  348.79  348.79  348.79  348.79  348.79  348.79  348.79  348.79
2025   3  348.79  348.79  348.79  348.79  348.79  348.79  348.79  348.79  348.79  348.79  348.79  348.79
**** Planta:   83                                0
A~no Blk ......1 ......2 ......3 ......4 ......5 ......6 ......7 ......8 ......9 .....10 .....11 .....12
2021   1                                                               0       0       0       0       0
2021   2                                                               0       0       0       0       0
2021   3                                                               0       0       0       0       0
2022   1       0       0       0       0       0       0       0       0       0       0       0       0
2022   2       0       0       0       0       0       0       0       0       0       0       0       0
2022   3       0       0       0       0       0       0       0       0       0       0       0       0
2023   1       0       0       0       0       0       0       0       0       0       0       0       0
2023   2       0       0       0       0       0       0       0       0       0       0       0       0
2023   3       0       0       0       0       0       0       0       0       0       0       0       0
2024   1       0       0       0       0       0       0       0       0       0       0       0       0
2024   2       0       0       0       0       0       0       0       0       0       0       0       0
2024   3       0       0       0       0       0       0       0       0       0       0       0       0
2025   1       0       0       0       0       0       0       0       0       0       0       0       0
2025   2       0       0       0       0       0       0       0       0       0       0       0       0
2025   3       0       0       0       0       0       0       0       0       0       0       0       0
**** Planta:  991                                0
A~no Blk ......1 ......2 ......3 ......4 ......5 ......6 ......7 ......8 ......9 .....10 .....11 .....12
2021   1                                                           79.71   73.68   63.71   81.87   83.97
2021   2                                                           76.16   68.59   60.69   80.72   83.22
2021   3                                                           75.21   68.42    59.7   78.81   80.24
2022   1   68.57   73.08    74.2   79.76   75.22   74.05   78.35   79.64   73.68   63.71   81.87   84.04
2022   2   67.64   71.53   72.24   76.67   72.26   71.19   75.22   76.09   68.59   60.69   80.72   83.27
2022   3   63.99   69.67    70.8   75.72   71.56   70.76    74.6   75.14   68.42    59.7   78.81    80.3
2023   1   68.49   72.11   74.15   79.82   75.22   74.05   78.35   79.64   80.04    69.9   87.99   91.37
2023   2   67.57   70.58   72.19   76.73   72.26   71.19   75.22   76.09   74.57   66.57   86.73    90.4
2023   3   63.92   68.74   70.75   75.78   71.56   70.76    74.6   75.14   74.38   65.53   84.76   87.33
2024   1   74.59   78.21   79.41   86.73   82.42   80.22   85.41   86.93   79.95   69.77   87.99   91.31
2024   2   73.66    76.6   77.33   83.48   79.26   77.21   82.02   83.09   74.49   66.45   86.73   90.34
2024   3   69.81   74.66   75.84   82.46   78.55   76.75   81.37   82.07   74.31   65.41   84.76   87.27
2025   1   74.59   78.17   79.41   86.85   82.42   80.22   85.41   87.01   79.87   69.77   87.99   91.24
2025   2   73.66   76.56   77.33   83.61   79.26   77.21   82.02   83.16   74.41   66.45   86.73   90.28
2025   3   69.81   74.62   75.84   82.58   78.55   76.75   81.37   82.15   74.23   65.41   84.76   87.21
**** Planta:  990                                0
A~no Blk ......1 ......2 ......3 ......4 ......5 ......6 ......7 ......8 ......9 .....10 .....11 .....12
2021   1                                                          377.79  433.69  455.56  475.73  478.43
2021   2                                                          383.29   444.5  463.65  481.11  485.95
2021   3                                                          384.75  447.91  470.53  490.96  494.24
2022   1  478.33   395.2  393.39  355.59  339.29  324.03  329.08  380.84  436.63  458.45  478.63  485.93
2022   2  484.29  401.87  399.94  360.85  347.69  328.55  336.19  386.42  447.51  466.68  484.14  493.66
2022   3  486.37  405.37  407.26  367.68  352.79  330.82  343.09  387.92  450.95  473.56  494.05  502.15
2023   1  483.27  399.95  397.47  358.31  343.24  328.01  332.95  384.75  441.25  463.54  483.43  486.41
2023   2  489.48  406.75  404.13  363.73  351.66  332.56  340.21  390.43  452.35  471.91  489.15  494.21
2023   3  491.49  410.25  411.56  370.53  356.86  334.82  347.17  391.95  455.82  478.91  499.11  502.71
2024   1  483.27  399.99   396.9  359.04  342.99  327.88  332.45  384.64  441.48  462.98  483.43  486.66
2024   2  489.48  406.79  403.56  364.46  351.45  332.46  339.69  390.32  452.53  471.33  489.15  494.46
2024   3  491.49  410.29  410.95  371.27  356.61  334.72  346.63  391.83     456  478.37  499.11  502.91
2025   1  483.27  399.09   396.9  358.68  342.99  327.88  332.45  384.52  440.72  462.98  483.43  485.93
2025   2  489.48  405.91  403.56  364.09  351.45  332.46  339.69   390.2  451.75  471.33  489.15  493.66
2025   3  491.49  409.41  410.95   370.9  356.61  334.72  346.63  391.72  455.22  478.37  499.11  502.15
