NUM ...Nombre... .TP ...PrdEsp... ...PrdHid... U .....A0..... .....A1..... .....A2..... .....A3..... .....A4.....
   4 FUNIL-GRANDE         0.009011         0.44 2     807.9128            0            0            0            0
  20 BATALHA              0.009025          1.2 2     775.0463   0.02639726 -1.0627e-005 1.98729e-009            0
  21 SERRA FACAO          0.008676         0.68 2     682.6038    0.0487297 -1.5939e-005  2.6708e-009 -1.7071e-013
  27 CAPIM BRANC1         0.008829          1.8 2       594.02      0.35164   -0.0021575  7.3589e-006 -9.5971e-009
  28 CAPIM BRANC2         0.009108         0.57 2     527.3599      0.11044  -0.00018921  1.9327e-007 -7.4543e-011
  29 CORUMBA IV           0.009123          1.2 2     789.3335   0.03966617 -1.4961e-005 3.07185e-009  -2.366e-013
  48 PIRAJU               0.009024          0.3 2      531.489            0            0            0            0
  66 ITAIPU               0.009045         1.29 2     164.0489  0.004806744 -1.8944e-007 4.20501e-012 -3.7722e-017
 131 NILO PECANHA         0.008535          3.6 2          399            0            0            0            0
 183 FONTES A              0.00834         21.4 2          415            0            0            0            0
 141 BAGUARI              0.008997         0.22 2     180.4456     0.173482 -0.001414506            0            0
 153 SAO DOMINGOS         0.008947         0.48 2      335.495    0.0694226 9.71599e-005 -5.6772e-007            0
 155 RETIRO BAIXO         0.008755            3 1     591.5352    0.1642508 -0.000260711            0            0
 156 TRES MARIAS          0.008804          0.7 2     530.3318   0.00607596 -4.8362e-007 2.20348e-011 -3.8466e-016
 162 QUEIMADO             0.008957         2.91 2     801.7885    0.1142334 -0.000197701 1.44183e-007 -2.4888e-017
 195 JAURU                0.008915         1.43 2       349.74       0.3067            0            0            0
 196 GUAPORE              0.008901         1.57 2     479.1813            0            0            0            0
 203 CORUMBA III          0.009086         1.06 2     749.6738    0.0203488 4.56875e-005 -7.8414e-008 3.51671e-011
 227 SINOP                0.009103         0.31 2     281.8275    0.0129467 -3.3666e-006 5.32358e-010 -3.6592e-014
 228 COLIDER              0.009153         0.35 2     254.5924   0.02454194 -1.8516e-005 9.94717e-009 -2.2619e-012
 229 TELES PIRES          0.009035         0.86 2     196.3366     0.108697 -0.000246831 2.67138e-007  -1.051e-010
 230 SAO MANOEL           0.009153         0.27 2     143.7872   0.06943373 -0.000149384 2.05487e-007 -1.1364e-010
 241 SLT VERDINHO         0.008751         0.58 2     370.4958            0            0            0            0
 249 OURINHOS             0.008694          0.1 2     397.9921            0            0            0            0
 251 SERRA MESA           0.009082         1.27 2     391.4048   0.00277216 -4.3573e-008 2.90304e-013            0
 252 CANA BRAVA           0.008927          0.9 2     332.5326            0            0            0            0
 253 SAO SALVADOR         0.009016         0.64 2      264.931    0.0688146  -0.00010134 7.69676e-008 -2.1921e-011
 257 PEIXE ANGIC           0.00906         0.47 2     239.2818    0.0291567 -1.8021e-005  5.6572e-009  -6.609e-013
 261 LAJEADO              0.008612         0.22 2     212.0431            0            0            0            0
 262 SALTO                0.008858         0.65 2       446.38            0            0            0            0
 276 RONDON II            0.009215          3.8 2        261.1       0.0131       7e-006      -9e-009            0
 281 PONTE PEDRA          0.009151         2.49 2     394.8805            0            0            0            0
 285 JIRAU                0.009163         0.15 2     66.35479   0.02068722 -8.2829e-006 1.92254e-009 -1.8448e-013
 287 STO ANTONIO          0.008868         0.18 2     54.71656   0.02040813 -1.3842e-005 5.24572e-009 -7.4669e-013
 290 ESPORA               0.008731          5.2 2     559.1338     0.399645  -0.00278485 9.25743e-006  -1.154e-008
 304 ITIQUIRA I           0.008806         4.31 2      412.031            0            0            0            0
 305 ITIQUIRA II          0.008987          2.8 2     320.3407            0            0            0            0
 310 DARDANELOS           0.008917          1.5 2        213.5            0            0            0            0
 311 CACU                 0.009025         0.35 2      454.078     0.175257 -0.000535819 1.17923e-006 -1.1567e-009
 312 B. COQUEIROS          0.00894          0.4 2      418.481      0.17256 -0.000418949 5.90862e-007 -3.1965e-010
 315 FOZ R. CLARO          0.00897         0.08 2     353.6147            0            0            0            0
 117 GUARAPIRANGA                0            0 1     725.8887    0.1248139  -0.00083792 3.63643e-006 -5.8772e-009
 118 BILLINGS                    0            0 1     728.9964   0.04721631  -8.384e-005 8.24487e-008 -2.9236e-011
 119 HENRY BORDEN         0.007939        15.07 2     727.3073            0            0            0            0
 120 JAGUARI              0.008534          0.5 2      579.636   0.07408595 -5.9817e-005 3.14091e-008 -6.9032e-012
 121 PARAIBUNA            0.008731         2.16 1     662.4348    0.0224112 -4.4028e-006 5.50486e-010 -2.8359e-014
 122 SANTA BRANCA         0.008829          0.8 2     592.7759    0.1044509  -8.622e-005            0            0
 123 FUNIL                 0.00824          1.5 2     421.2278     0.104427 -9.5673e-005 3.99597e-008            0
 124 LAJES                       0            0 1     387.9389    0.1517071 -0.000501987  1.0516e-006 -8.6204e-010
 126 PICADA               0.008535            4 2     645.0139     3.878099    -0.379545    0.0190378 -0.000361636
 127 SOBRAGI              0.008437          2.4 2        436.5            0            0            0            0
 129 SIMPLICIO            0.008849            6 1        251.5            0            0            0            0
 130 ILHA POMBOS          0.007763          0.5 2        135.6            0            0            0            0
 133 P. PASSOS             0.00835          0.4 2         86.5            0            0            0            0
 134 SALTO GRANDE          0.00826         6.06 1      354.217            0            0            0            0
 135 P. ESTRELA           0.008987         0.43 2      230.804    0.2717389            0            0            0
 139 CANDONGA             0.009074          0.4 2     284.1546     2.589469  -0.08329823  0.001446072 -9.4139e-006
 143 AIMORES              0.008961         0.36 2     79.90399      0.10317  -0.00048151  1.5363e-006 -1.9381e-009
 144 MASCARENHAS           0.00898         0.19 2         60.7            0            0            0            0
 192 GUILMAN-AMOR         0.008829          3.5 2          495            0            0            0            0
 193 SA CARVALHO          0.008633          5.8 2     369.3412            0            0            0            0
 217 ROSAL                0.008883          4.3 2     555.1763            0            0            0            0
 279 SAMUEL               0.009025          0.4 2     70.98963   0.01384873 -5.6248e-006 1.22645e-009 -1.0481e-013
 148 IRAPE                0.008862         2.18 2     414.7691   0.03533041 -5.8848e-006 5.82139e-010 -2.3434e-014
 283 STA CLARA MG         0.008663         0.59 2     85.68388            0            0            0            0
   1 CAMARGOS             0.008525          1.2 1       892.97     0.062089  -0.00011041   1.247e-007 -5.5512e-011
   2 ITUTINGA             0.008634         0.65 2     885.6747            0            0            0            0
   6 FURNAS               0.008999          0.8 2     735.2458   0.00349658 -1.9744e-007 6.91705e-012 -9.7737e-017
   7 M. DE MORAES         0.009068         0.76 2     641.7749  0.008088168 -3.6982e-007 -7.1105e-011 9.12374e-015
   8 ESTREITO             0.008946         0.93 2     620.4224            0            0            0            0
   9 JAGUARA              0.008952         0.51 2     557.3629            0            0            0            0
  10 IGARAPAVA            0.009026          0.3 2      512.018            0            0            0            0
  11 VOLTA GRANDE         0.008999         0.16 2     494.3291            0            0            0            0
  12 P. COLOMBIA          0.009113         0.23 2     466.4394            0            0            0            0
  14 CACONDE              0.008542         1.08 2     816.3469      0.19769  -0.00057357 9.69038e-007 -6.3294e-010
  15 E. DA CUNHA          0.008631         0.86 2     664.5089            0            0            0            0
  16 A.S.OLIVEIRA         0.009022         0.46 2     572.4575            0            0            0            0
  17 MARIMBONDO           0.008951         2.06 2     417.8938    0.0111714 -2.2938e-006 2.90995e-010 -1.4826e-014
  18 A. VERMELHA          0.008832         0.76 2     352.0298  0.004995856 -2.7416e-007 7.09831e-012            0
  34 I. SOLTEIRA          0.008655         0.56 2     293.9248   0.00360059 -1.8461e-007 5.87764e-012 -7.5036e-017
  24 EMBORCACAO           0.009096          1.1 2     568.0898     0.014506 -1.2028e-006  5.8303e-011 -1.1245e-015
  25 NOVA PONTE           0.008978         1.64 2     752.1499    0.0122835 -1.2569e-006 7.85251e-011 -1.9786e-015
  26 MIRANDA              0.008873         0.73 2     684.7029    -0.004019  -7.936e-007 2.78513e-008 -1.4201e-011
  30 CORUMBA I             0.00884         0.71 2     545.8928   0.06470865 -3.2372e-005 7.39336e-009            0
  31 ITUMBIARA            0.009014         0.76 2     471.1648   0.00728054 -5.6099e-007 2.59776e-011 -4.8454e-016
  32 CACH.DOURADA         0.008536         0.61 2     430.7575            0            0            0            0
  33 SAO SIMAO            0.009101         0.91 2     358.3289   0.00861726 -8.8427e-007 5.29325e-011  -1.242e-015
  37 BARRA BONITA          0.00886         0.38 2     432.7839    0.0149645 -6.7074e-006 1.75977e-009 -1.6982e-013
  38 A.S. LIMA            0.008437          0.4 2     427.2907            0            0            0            0
  39 IBITINGA             0.008543         0.36 2     403.8724            0            0            0            0
  40 PROMISSAO            0.008788         0.31 2     369.6938 -0.000524999 1.08299e-006 -1.6016e-010 7.92774e-015
  42 NAVANHANDAVA         0.009083          0.4 2     357.8237            0            0            0            0
  43 TRES IRMAOS          0.008778         0.79 2     293.2058  0.005496006  -3.927e-007 1.73305e-011 -3.1018e-016
  45 JUPIA                0.008702         0.76 2     279.7097            0            0            0            0
  46 P. PRIMAVERA         0.008906          0.5 2       239.17     0.002497 -1.2596e-007  3.0481e-012  -2.571e-017
 278 MANSO                0.008667         0.53 2       279.97    -0.010212  3.9254e-006 -4.7669e-010  2.0332e-014
  47 A.A. LAYDNER         0.008862         1.08 2     542.5549  0.006367009 -6.7515e-007 5.39429e-011 -1.8994e-015
  49 CHAVANTES            0.008749         1.98 2     437.4719    0.0066313 -3.7518e-007 1.06241e-011            0
  50 L.N. GARCEZ          0.008606         0.26 2     384.2288            0            0            0            0
  51 CANOAS II            0.009104         0.17 2     365.9523            0            0            0            0
  52 CANOAS I             0.009138         0.17 2     350.9629            0            0            0            0
  61 CAPIVARA             0.008468         1.46 2      297.875  0.007188067 -6.6293e-007 3.94503e-011 -9.8711e-016
  62 TAQUARUCU            0.009051         0.34 2     283.6251            0            0            0            0
  63 ROSANA                 0.0091         0.21 2     257.6796            0            0            0            0
1132 CALHA-CEDAE                 0            0 1            0            0            0            0            0
 184 FONTES BC             0.00834          5.4 2          399            0            0            0            0
 182 VIGARIO                     0            0 1          399            0            0            0            0
 181 SANTANA              -0.06559            0 1          363            0            0            0            0
 125 STA. CECILIA         -0.03859            0 1       352.95            0            0            0            0
 180 TOCOS                       0            0 1          448            0            0            0            0
