**** Fuel:     52 Oleo        
Year .....01 .....02 .....03 .....04 .....05 .....06 .....07 .....08 .....09 .....10 .....11 .....12
2021  920.06  920.06  920.06  920.06  920.06  920.06  920.06  920.06  920.06  738.37  738.37  738.37
2022  738.37  738.37  738.37  738.37  738.37  738.37  738.37  738.37  738.37  738.37  738.37  738.37
2023  738.37  738.37  738.37  738.37  738.37  738.37  738.37  738.37  738.37  738.37  738.37  738.37
2024  738.37  738.37  738.37  738.37  738.37  738.37  738.37  738.37  738.37  738.37  738.37  738.37
2025  738.37  738.37  738.37  738.37  738.37  738.37  738.37  738.37  738.37  738.37  738.37  738.37
**** Fuel:    106 Biomassa    
Year .....01 .....02 .....03 .....04 .....05 .....06 .....07 .....08 .....09 .....10 .....11 .....12
2021   87.81   87.81   87.81   87.81   87.81   87.81   87.81   87.81   87.81      60      60      60
2022      60      60      60      60      60      60      60      60      60      60      60      60
2023      60      60      60      60      60      60      60      60      60      60      60      60
2024      60      60      60      60      60      60      60      60      60      60      60      60
2025      60      60      60      60      60      60      60      60      60      60      60      60
**** Fuel:     53 Oleo        
Year .....01 .....02 .....03 .....04 .....05 .....06 .....07 .....08 .....09 .....10 .....11 .....12
2021 1042.47 1042.47 1042.47 1042.47 1042.47 1042.47 1042.47 1042.47 1042.47  837.36  837.36  837.36
2022  837.36  837.36  837.36  837.36  837.36  837.36  837.36  837.36  837.36  837.36  837.36  837.36
2023  837.36  837.36  837.36  837.36  837.36  837.36  837.36  837.36  837.36  837.36  837.36  837.36
2024  837.36  837.36  837.36  837.36  837.36  837.36  837.36  837.36  837.36  837.36  837.36  837.36
2025  837.36  837.36  837.36  837.36  837.36  837.36  837.36  837.36  837.36  837.36  837.36  837.36
**** Fuel:     55 Oleo        
Year .....01 .....02 .....03 .....04 .....05 .....06 .....07 .....08 .....09 .....10 .....11 .....12
2021 1042.47 1042.47 1042.47 1042.47 1042.47 1042.47 1042.47 1042.47 1042.47  837.36  837.36  837.36
2022  837.36  837.36  837.36  837.36  837.36  837.36  837.36  837.36  837.36  837.36  837.36  837.36
2023  837.36  837.36  837.36  837.36  837.36  837.36  837.36  837.36  837.36  837.36  837.36  837.36
2024  837.36  837.36  837.36  837.36  837.36  837.36  837.36  837.36  837.36  837.36  837.36  837.36
2025  837.36  837.36  837.36  837.36  837.36  837.36  837.36  837.36  837.36  837.36  837.36  837.36
**** Fuel:     57 Oleo        
Year .....01 .....02 .....03 .....04 .....05 .....06 .....07 .....08 .....09 .....10 .....11 .....12
2021  894.72  894.72  894.72  894.72  894.72  894.72  894.72  894.72  894.72  715.08  715.08  715.08
2022  715.08  715.08  715.08  715.08  715.08  715.08  715.08  715.08  715.08  715.08  715.08  715.08
2023  715.08  715.08  715.08  715.08  715.08  715.08  715.08  715.08  715.08  715.08  715.08  715.08
2024  715.08  715.08  715.08  715.08  715.08  715.08  715.08  715.08  715.08  715.08  715.08  715.08
2025  715.08  715.08  715.08  715.08  715.08  715.08  715.08  715.08  715.08  715.08  715.08  715.08
**** Fuel:    167 Carvao      
Year .....01 .....02 .....03 .....04 .....05 .....06 .....07 .....08 .....09 .....10 .....11 .....12
2021  318.63  318.63  318.63  318.63  318.63  318.63  318.63  318.63  318.63  197.14  197.14  197.14
2022  197.14  197.14  197.14  197.14  197.14  197.14  197.14  197.14  197.14  197.14  197.14  197.14
2023  197.14  197.14  197.14  197.14  197.14  197.14  197.14  197.14  197.14  197.14  197.14  197.14
2024  197.14  197.14  197.14  197.14  197.14  197.14  197.14  197.14  197.14  197.14  197.14  197.14
2025  197.14  197.14  197.14  197.14  197.14  197.14  197.14  197.14  197.14  197.14  197.14  197.14
**** Fuel:    163 Carvao      
Year .....01 .....02 .....03 .....04 .....05 .....06 .....07 .....08 .....09 .....10 .....11 .....12
2021   321.7   321.7   321.7   321.7   321.7   321.7   321.7   321.7   321.7  206.69  206.69  206.69
2022  206.69  206.69  206.69  206.69  206.69  206.69  206.69  206.69  206.69  206.69  206.69  206.69
2023  206.69  206.69  206.69  206.69  206.69  206.69  206.69  206.69  206.69  206.69  206.69  206.69
2024  206.69  206.69  206.69  206.69  206.69  206.69  206.69  206.69  206.69  206.69  206.69  206.69
2025  206.69  206.69  206.69  206.69  206.69  206.69  206.69  206.69  206.69  206.69  206.69  206.69
**** Fuel:    224 GNL         
Year .....01 .....02 .....03 .....04 .....05 .....06 .....07 .....08 .....09 .....10 .....11 .....12
2021  306.97  306.97  306.97  306.97  306.97  306.97  306.97  306.97  306.97  306.97  306.97   207.9
2022   207.9   207.9   207.9   207.9   207.9   207.9   207.9   207.9   207.9   207.9   207.9   207.9
2023   207.9   207.9   207.9   207.9   207.9   207.9   207.9   207.9   207.9   207.9   207.9   207.9
2024   207.9   207.9   207.9   207.9   207.9   207.9   207.9   207.9   207.9   207.9   207.9   207.9
2025   207.9   207.9   207.9   207.9   207.9   207.9   207.9   207.9   207.9   207.9   207.9   207.9
**** Fuel:     98 Oleo        
Year .....01 .....02 .....03 .....04 .....05 .....06 .....07 .....08 .....09 .....10 .....11 .....12
2021  792.95  792.95  792.95  792.95  792.95  792.95  792.95  792.95  792.95  631.55  631.55  631.55
2022  631.55  631.55  631.55  631.55  631.55  631.55  631.55  631.55  631.55  631.55  631.55  631.55
2023  631.55  631.55  631.55  631.55  631.55  631.55  631.55  631.55  631.55  631.55  631.55  631.55
2024  631.55  631.55  631.55  631.55  631.55  631.55  631.55  631.55  631.55  631.55  631.55  631.55
2025  631.55  631.55  631.55  631.55  631.55  631.55  631.55  631.55  631.55  631.55  631.55  631.55
**** Fuel:    170 Oleo        
Year .....01 .....02 .....03 .....04 .....05 .....06 .....07 .....08 .....09 .....10 .....11 .....12
2021  940.25  940.25  940.25  940.25  940.25  940.25  940.25  940.25  940.25  747.43  747.43  747.43
2022  747.43  747.43  747.43  747.43  747.43  747.43  747.43  747.43  747.43  747.43  747.43  747.43
2023  747.43  747.43  747.43  747.43  747.43  747.43  747.43  747.43  747.43  747.43  747.43  747.43
2024  747.43  747.43  747.43  747.43  747.43  747.43  747.43  747.43  747.43  747.43  747.43  747.43
2025  747.43  747.43  747.43  747.43  747.43  747.43  747.43  747.43  747.43  747.43  747.43  747.43
**** Fuel:     43 Gas         
Year .....01 .....02 .....03 .....04 .....05 .....06 .....07 .....08 .....09 .....10 .....11 .....12
2021  715.08  715.08  715.08  715.08  715.08  715.08  715.08  715.08  715.08  282.74  282.74  282.74
2022  282.74  282.74  282.74  282.74  282.74  282.74  282.74  282.74  282.74  282.74  282.74  282.74
2023  282.74  282.74  282.74  282.74  282.74  282.74  282.74  282.74  282.74  282.74  282.74  282.74
2024  282.74  282.74  282.74  282.74  282.74  282.74  282.74  282.74  282.74  282.74  282.74  282.74
2025  282.74  282.74  282.74  282.74  282.74  282.74  282.74  282.74  282.74  282.74  282.74  282.74
**** Fuel:    152 Oleo        
Year .....01 .....02 .....03 .....04 .....05 .....06 .....07 .....08 .....09 .....10 .....11 .....12
2021  908.76  908.76  908.76  908.76  908.76  908.76  908.76  908.76  908.76  729.43  729.43  729.43
2022  729.43  729.43  729.43  729.43  729.43  729.43  729.43  729.43  729.43  729.43  729.43  729.43
2023  729.43  729.43  729.43  729.43  729.43  729.43  729.43  729.43  729.43  729.43  729.43  729.43
2024  729.43  729.43  729.43  729.43  729.43  729.43  729.43  729.43  729.43  729.43  729.43  729.43
2025  729.43  729.43  729.43  729.43  729.43  729.43  729.43  729.43  729.43  729.43  729.43  729.43
**** Fuel:     67 Oleo        
Year .....01 .....02 .....03 .....04 .....05 .....06 .....07 .....08 .....09 .....10 .....11 .....12
2021  912.28  912.28  912.28  912.28  912.28  912.28  912.28  912.28  912.28  734.28  734.28  734.28
2022  734.28  734.28  734.28  734.28  734.28  734.28  734.28  734.28  734.28  734.28  734.28  734.28
2023  734.28  734.28  734.28  734.28  734.28  734.28  734.28  734.28  734.28  734.28  734.28  734.28
2024  734.28  734.28  734.28  734.28  734.28  734.28  734.28  734.28  734.28  734.28  734.28  734.28
2025  734.28  734.28  734.28  734.28  734.28  734.28  734.28  734.28  734.28  734.28  734.28  734.28
**** Fuel:     69 Oleo        
Year .....01 .....02 .....03 .....04 .....05 .....06 .....07 .....08 .....09 .....10 .....11 .....12
2021  912.28  912.28  912.28  912.28  912.28  912.28  912.28  912.28  912.28  734.28  734.28  734.28
2022  734.28  734.28  734.28  734.28  734.28  734.28  734.28  734.28  734.28  734.28  734.28  734.28
2023  734.28  734.28  734.28  734.28  734.28  734.28  734.28  734.28  734.28  734.28  734.28  734.28
2024  734.28  734.28  734.28  734.28  734.28  734.28  734.28  734.28  734.28  734.28  734.28  734.28
2025  734.28  734.28  734.28  734.28  734.28  734.28  734.28  734.28  734.28  734.28  734.28  734.28
**** Fuel:     83 Gas         
Year .....01 .....02 .....03 .....04 .....05 .....06 .....07 .....08 .....09 .....10 .....11 .....12
2021  696.57  696.57  696.57  696.57  696.57  696.57  696.57  696.57  696.57   283.6   283.6   283.6
2022   283.6   283.6   283.6   283.6   283.6   283.6   283.6   283.6   283.6   283.6   283.6   283.6
2023   283.6   283.6   283.6   283.6   283.6   283.6   283.6   283.6   283.6   283.6   283.6   283.6
2024   283.6   283.6   283.6   283.6   283.6   283.6   283.6   283.6   283.6   283.6   283.6   283.6
2025   283.6   283.6   283.6   283.6   283.6   283.6   283.6   283.6   283.6   283.6   283.6   283.6
