$version=1
!Num ...Nombre... #Uni Tipo .PotIns .GerMin .GerMax ..Teif. ..Ih... .CVaria .MR. Comb ...G1.. .CEsp.1 ...G2.. .CEsp.2 ...G3.. .CEsp.3 NAdF ...1 ...2 ...3 ComT CTransp StartUp sfal NGas NuCC ..NombreCC.. CoefE.
 109 ALTOS           1    0   13.12       0   13.12   91.77   91.77       0    0  109     100       1                                    0    0    0    0    0                    0                              
 111 ARACATI         1    0   11.48       0   11.48   93.15   93.15       0    0  111     100       1                                    0    0    0    0    0                    0                              
 112 BAHIA I         1    0 30.3506       0 30.3506   13.97   13.97       0    0  112     100       1                                    0    0    0    0    0                    0                              
 113 BATURITE        1    0   11.48       0   11.48   91.03   91.03       0    0  113     100       1                                    0    0    0    0    0                    0                              
 235 CAMACARI MII    1    1     144       0     144       3       3       0    0  235     100       1                                    0    0    0    0    0                    0                              
 166 CAMACARI PI     1    0     150       0     150   41.55   41.55       0    0  166     100       1                                    0    0    0    0    0                    0                              
  52 CAMPINA GDE     1    0  169.08       0  169.08   44.58   44.58       0    0   52     100       1                                    0    0    0    0    0                    0                              
 117 CAMPO MAIOR     1    0   13.12       0   13.12   91.91   91.91       0    0  117     100       1                                    0    0    0    0    0                    0                              
 119 CAUCAIA         1    0   14.76       0   14.76   92.46   92.46       0    0  119     100       1                                    0    0    0    0    0                    0                              
 121 CRATO           1    0   13.12       0   13.12   91.15   91.15       0    0  121     100       1                                    0    0    0    0    0                    0                              
 125 ENGUIA PECEM    1    0   14.76       0   14.76   89.35   89.35       0    0  125     100       1                                    0    0    0    0    0                    0                              
 106 ERB CANDEIAS    1    0   16.79       0   16.79       3       3       0    0  106     100       1                                    0    0    0    0    0                    0                              
  42 FORTALEZA       1    0   326.6       0   326.6    1.86    1.86       0    0   42     100       1                                    0    0    0    0    0                    0                              
  53 GLOBAL I        1    0   148.8       0   148.8   15.95   15.95       0    0   53     100       1                                    0    0    0    0    0                    0                              
  55 GLOBAL II       1    0   148.8       0   148.8   17.59   17.59       0    0   55     100       1                                    0    0    0    0    0                    0                              
 127 IGUATU          1    0   14.76       0   14.76   89.93   89.93       0    0  127     100       1                                    0    0    0    0    0                    0                              
 133 JUAZEIRO N      1    0   14.76       0   14.76   87.83   87.83       0    0  133     100       1                                    0    0    0    0    0                    0                              
  57 MARACANAU I     1    0     168       0     168   45.71   45.71       0    0   57     100       1                                    0    0    0    0    0                    0                              
 135 MARAMBAIA       1    0   13.12       0   13.12   91.52   91.52       0    0  135     100       1                                    0    0    0    0    0                    0                              
 164 MURICY          1    0  147.16       0  147.16   18.57   18.57       0    0  164     100       1                                    0    0    0    0    0                    0                              
 138 NAZARIA         1    0   13.12       0   13.12   91.32   91.32       0    0  138     100       1                                    0    0    0    0    0                    0                              
 167 P. PECEM I      1    0  720.28       0  720.28    4.85    4.85       0    0  167     100       1                                    0    0    0    0    0                    0                              
 163 P. PECEM II     1    0     365       0     365    2.47    2.47       0    0  163     100       1                                    0    0    0    0    0                    0                              
 224 P. SERGIPE I    1    0 1515.64       0 1515.64    3.16    3.16       0    0  224     100       1                                    0    0    0    0    0                    0                              
 160 PAU FERRO I     1    0   94.08       0   94.08     2.6     2.6       0    0  160     100       1                                    0    0    0    0    0                    0                              
 162 PECEM II        1    1     144       0     144       3       3       0    0  162     100       1                                    0    0    0    0    0                    0                              
  98 PERNAMBU_III    1    0  200.79       0  200.79   75.05   75.05       0    0   98     100       1                                    0    0    0    0    0                    0                              
 144 PETROLINA       1    0   136.2       0   136.2    5.31    5.31       0    0  144     100       1                                    0    0    0    0    0                    0                              
 151 POTIGUAR        1    0   53.12       0   53.12    5.85    5.85       0    0  151     100       1                                    0    0    0    0    0                    0                              
 161 POTIGUAR III    1    0    66.4       0    66.4    3.35    3.35       0    0  161     100       1                                    0    0    0    0    0                    0                              
 223 PROSPERI III    1    1   50.18       0   50.18     0.5     0.5       0    0  223     100       1                                    0    0    0    0    0                    0                              
 241 PROSPERID II    1    1   37.36       0   37.36       2       2       0    0  241     100       1                                    0    0    0    0    0                    0                              
 147 PROSPERIDADE    1    0   28.02       0   28.02    3.86    3.86       0    0  147     100       1                                    0    0    0    0    0                    0                              
 170 SUAPE II        1    0  381.26       0  381.26    9.23    9.23       0    0  170     100       1                                    0    0    0    0    0                    0                              
 221 SYKUE I         1    0      30       0      30     1.5     1.5       0    0  221     100       1                                    0    0    0    0    0                    0                              
  43 TERMOBAHIA      1    0 170.006       0 170.006    5.44    5.44       0    0   43     100       1                                    0    0    0    0    0                    0                              
 152 TERMOCABO       1    0   49.73       0   49.73    4.89    4.89       0    0  152     100       1                                    0    0    0    0    0                    0                              
  58 TERMOCEARA      1    0     223       0     223   28.83   28.83       0    0   58     100       1                                    0    0    0    0    0                    0                              
 159 TERMOMANAUS     1    0  143.04       0  143.04   10.79   10.79       0    0  159     100       1                                    0    0    0    0    0                    0                              
  67 TERMONE         1    0 162.308       0 162.308    2.22    2.22       0    0   67     100       1                                    0    0    0    0    0                    0                              
  69 TERMOPB         1    0 162.308       0 162.308    1.81    1.81       0    0   69     100       1                                    0    0    0    0    0                    0                              
  96 TERMOPE         1    0  532.76       0  532.76    2.67    2.67       0    0   96     100       1                                    0    0    0    0    0                    0                              
  83 VALE DO ACU     1    0  310.14       0  310.14    2.57    2.57       0    0   83     100       1                                    0    0    0    0    0                    0                              
 991 PCH Nordeste    1    0 91.3763       0 91.3763       0       0       0    1  991     100       1                                    0    0    0    0    0                    0                              
 990 PCT Nordeste    1    0 502.914       0 502.914       0       0       0    1  990     100       1                                    0    0    0    0    0                    0                              
