**** Planta:  156 TRES MARIAS 
A~no ......1 ......2 ......3 ......4 ......5 ......6 ......7 ......8 ......9 .....10 .....11 .....12
2021 17097.3 18747.3   19528   19528   19528   19528   19528   19528   19528   19528 17097.3 15537.4
2022 17097.3 18747.3   19528   19528   19528   19528   19528   19528   19528   19528 17097.3 15537.4
2023 17097.3 18747.3   19528   19528   19528   19528   19528   19528   19528   19528 17097.3 15537.4
2024 17097.3 18747.3   19528   19528   19528   19528   19528   19528   19528   19528 17097.3 15537.4
2025 17097.3 18747.3   19528   19528   19528   19528   19528   19528   19528   19528 17097.3 15537.4
2026 17097.3 18747.3   19528   19528   19528   19528   19528   19528   19528   19528 17097.3 15537.4
2027 17097.3 18747.3   19528   19528   19528   19528   19528   19528   19528   19528 17097.3 15537.4
2028 17097.3 18747.3   19528   19528   19528   19528   19528   19528   19528   19528 17097.3 15537.4
2029 17097.3 18747.3   19528   19528   19528   19528   19528   19528   19528   19528 17097.3 15537.4
2030 17097.3 18747.3   19528   19528   19528   19528   19528   19528   19528   19528 17097.3 15537.4
2031 17097.3 18747.3   19528   19528   19528   19528   19528   19528   19528   19528 17097.3 15537.4
2032 17097.3 18747.3   19528   19528   19528   19528   19528   19528   19528   19528 17097.3 15537.4
2033 17097.3 18747.3   19528   19528   19528   19528   19528   19528   19528   19528 17097.3 15537.4
2034 17097.3 18747.3   19528   19528   19528   19528   19528   19528   19528   19528 17097.3 15537.4
2035 17097.3 18747.3   19528   19528   19528   19528   19528   19528   19528   19528 17097.3 15537.4
2036 17097.3 18747.3   19528   19528   19528   19528   19528   19528   19528   19528 17097.3 15537.4
2037 17097.3 18747.3   19528   19528   19528   19528   19528   19528   19528   19528 17097.3 15537.4
2038 17097.3 18747.3   19528   19528   19528   19528   19528   19528   19528   19528 17097.3 15537.4
2039 17097.3 18747.3   19528   19528   19528   19528   19528   19528   19528   19528 17097.3 15537.4
2040 17097.3 18747.3   19528   19528   19528   19528   19528   19528   19528   19528 17097.3 15537.4
2041 17097.3 18747.3   19528   19528   19528   19528   19528   19528   19528   19528 17097.3 15537.4
2042 17097.3 18747.3   19528   19528   19528   19528   19528   19528   19528   19528 17097.3 15537.4
**** Planta:  162 QUEIMADO    
A~no ......1 ......2 ......3 ......4 ......5 ......6 ......7 ......8 ......9 .....10 .....11 .....12
2021  450.29 474.024 509.578 545.133     557     557     557     557     557     557 402.868 414.735
2022  450.29 474.024 509.578 545.133     557     557     557     557     557     557 402.868 414.735
2023  450.29 474.024 509.578 545.133     557     557     557     557     557     557 402.868 414.735
2024  450.29 474.024 509.578 545.133     557     557     557     557     557     557 402.868 414.735
2025  450.29 474.024 509.578 545.133     557     557     557     557     557     557 402.868 414.735
2026  450.29 474.024 509.578 545.133     557     557     557     557     557     557 402.868 414.735
2027  450.29 474.024 509.578 545.133     557     557     557     557     557     557 402.868 414.735
2028  450.29 474.024 509.578 545.133     557     557     557     557     557     557 402.868 414.735
2029  450.29 474.024 509.578 545.133     557     557     557     557     557     557 402.868 414.735
2030  450.29 474.024 509.578 545.133     557     557     557     557     557     557 402.868 414.735
2031  450.29 474.024 509.578 545.133     557     557     557     557     557     557 402.868 414.735
2032  450.29 474.024 509.578 545.133     557     557     557     557     557     557 402.868 414.735
2033  450.29 474.024 509.578 545.133     557     557     557     557     557     557 402.868 414.735
2034  450.29 474.024 509.578 545.133     557     557     557     557     557     557 402.868 414.735
2035  450.29 474.024 509.578 545.133     557     557     557     557     557     557 402.868 414.735
2036  450.29 474.024 509.578 545.133     557     557     557     557     557     557 402.868 414.735
2037  450.29 474.024 509.578 545.133     557     557     557     557     557     557 402.868 414.735
2038  450.29 474.024 509.578 545.133     557     557     557     557     557     557 402.868 414.735
2039  450.29 474.024 509.578 545.133     557     557     557     557     557     557 402.868 414.735
2040  450.29 474.024 509.578 545.133     557     557     557     557     557     557 402.868 414.735
2041  450.29 474.024 509.578 545.133     557     557     557     557     557     557 402.868 414.735
2042  450.29 474.024 509.578 545.133     557     557     557     557     557     557 402.868 414.735
**** Planta:  227 SINOP       
A~no ......1 ......2 ......3 ......4 ......5 ......6 ......7 ......8 ......9 .....10 .....11 .....12
2021  3071.2  3071.2  3071.2  3071.2  3071.2 2489.18 2489.18 2489.18 2489.18 2489.18  3071.2  3071.2
2022  3071.2  3071.2  3071.2  3071.2  3071.2 2489.18 2489.18 2489.18 2489.18 2489.18  3071.2  3071.2
2023  3071.2  3071.2  3071.2  3071.2  3071.2 2489.18 2489.18 2489.18 2489.18 2489.18  3071.2  3071.2
2024  3071.2  3071.2  3071.2  3071.2  3071.2 2489.18 2489.18 2489.18 2489.18 2489.18  3071.2  3071.2
2025  3071.2  3071.2  3071.2  3071.2  3071.2 2489.18 2489.18 2489.18 2489.18 2489.18  3071.2  3071.2
2026  3071.2  3071.2  3071.2  3071.2  3071.2 2489.18 2489.18 2489.18 2489.18 2489.18  3071.2  3071.2
2027  3071.2  3071.2  3071.2  3071.2  3071.2 2489.18 2489.18 2489.18 2489.18 2489.18  3071.2  3071.2
2028  3071.2  3071.2  3071.2  3071.2  3071.2 2489.18 2489.18 2489.18 2489.18 2489.18  3071.2  3071.2
2029  3071.2  3071.2  3071.2  3071.2  3071.2 2489.18 2489.18 2489.18 2489.18 2489.18  3071.2  3071.2
2030  3071.2  3071.2  3071.2  3071.2  3071.2 2489.18 2489.18 2489.18 2489.18 2489.18  3071.2  3071.2
2031  3071.2  3071.2  3071.2  3071.2  3071.2 2489.18 2489.18 2489.18 2489.18 2489.18  3071.2  3071.2
2032  3071.2  3071.2  3071.2  3071.2  3071.2 2489.18 2489.18 2489.18 2489.18 2489.18  3071.2  3071.2
2033  3071.2  3071.2  3071.2  3071.2  3071.2 2489.18 2489.18 2489.18 2489.18 2489.18  3071.2  3071.2
2034  3071.2  3071.2  3071.2  3071.2  3071.2 2489.18 2489.18 2489.18 2489.18 2489.18  3071.2  3071.2
2035  3071.2  3071.2  3071.2  3071.2  3071.2 2489.18 2489.18 2489.18 2489.18 2489.18  3071.2  3071.2
2036  3071.2  3071.2  3071.2  3071.2  3071.2 2489.18 2489.18 2489.18 2489.18 2489.18  3071.2  3071.2
2037  3071.2  3071.2  3071.2  3071.2  3071.2 2489.18 2489.18 2489.18 2489.18 2489.18  3071.2  3071.2
2038  3071.2  3071.2  3071.2  3071.2  3071.2 2489.18 2489.18 2489.18 2489.18 2489.18  3071.2  3071.2
2039  3071.2  3071.2  3071.2  3071.2  3071.2 2489.18 2489.18 2489.18 2489.18 2489.18  3071.2  3071.2
2040  3071.2  3071.2  3071.2  3071.2  3071.2 2489.18 2489.18 2489.18 2489.18 2489.18  3071.2  3071.2
2041  3071.2  3071.2  3071.2  3071.2  3071.2 2489.18 2489.18 2489.18 2489.18 2489.18  3071.2  3071.2
2042  3071.2  3071.2  3071.2  3071.2  3071.2 2489.18 2489.18 2489.18 2489.18 2489.18  3071.2  3071.2
**** Planta:  117 GUARAPIRANGA
A~no ......1 ......2 ......3 ......4 ......5 ......6 ......7 ......8 ......9 .....10 .....11 .....12
2021 146.673 162.944  163.19 176.263 176.263 176.263 181.238 181.238 181.238 181.238 179.668 169.187
2022 146.673 162.944  163.19 176.263 176.263 176.263 181.238 181.238 181.238 181.238 179.668 169.187
2023 146.673 162.944  163.19 176.263 176.263 176.263 181.238 181.238 181.238 181.238 179.668 169.187
2024 146.673 162.944  163.19 176.263 176.263 176.263 181.238 181.238 181.238 181.238 179.668 169.187
2025 146.673 162.944  163.19 176.263 176.263 176.263 181.238 181.238 181.238 181.238 179.668 169.187
2026 146.673 162.944  163.19 176.263 176.263 176.263 181.238 181.238 181.238 181.238 179.668 169.187
2027 146.673 162.944  163.19 176.263 176.263 176.263 181.238 181.238 181.238 181.238 179.668 169.187
2028 146.673 162.944  163.19 176.263 176.263 176.263 181.238 181.238 181.238 181.238 179.668 169.187
2029 146.673 162.944  163.19 176.263 176.263 176.263 181.238 181.238 181.238 181.238 179.668 169.187
2030 146.673 162.944  163.19 176.263 176.263 176.263 181.238 181.238 181.238 181.238 179.668 169.187
2031 146.673 162.944  163.19 176.263 176.263 176.263 181.238 181.238 181.238 181.238 179.668 169.187
2032 146.673 162.944  163.19 176.263 176.263 176.263 181.238 181.238 181.238 181.238 179.668 169.187
2033 146.673 162.944  163.19 176.263 176.263 176.263 181.238 181.238 181.238 181.238 179.668 169.187
2034 146.673 162.944  163.19 176.263 176.263 176.263 181.238 181.238 181.238 181.238 179.668 169.187
2035 146.673 162.944  163.19 176.263 176.263 176.263 181.238 181.238 181.238 181.238 179.668 169.187
2036 146.673 162.944  163.19 176.263 176.263 176.263 181.238 181.238 181.238 181.238 179.668 169.187
2037 146.673 162.944  163.19 176.263 176.263 176.263 181.238 181.238 181.238 181.238 179.668 169.187
2038 146.673 162.944  163.19 176.263 176.263 176.263 181.238 181.238 181.238 181.238 179.668 169.187
2039 146.673 162.944  163.19 176.263 176.263 176.263 181.238 181.238 181.238 181.238 179.668 169.187
2040 146.673 162.944  163.19 176.263 176.263 176.263 181.238 181.238 181.238 181.238 179.668 169.187
2041 146.673 162.944  163.19 176.263 176.263 176.263 181.238 181.238 181.238 181.238 179.668 169.187
2042 146.673 162.944  163.19 176.263 176.263 176.263 181.238 181.238 181.238 181.238 179.668 169.187
**** Planta:  118 BILLINGS    
A~no ......1 ......2 ......3 ......4 ......5 ......6 ......7 ......8 ......9 .....10 .....11 .....12
2021 917.518 954.977 987.229 1006.47 1019.03 1022.42 1038.38 1045.28 1034.99 1013.26 996.283 986.098
2022 917.518 954.977 987.229 1006.47 1019.03 1022.42 1038.38 1045.28 1034.99 1013.26 996.283 986.098
2023 917.518 954.977 987.229 1006.47 1019.03 1022.42 1038.38 1045.28 1034.99 1013.26 996.283 986.098
2024 917.518 954.977 987.229 1006.47 1019.03 1022.42 1038.38 1045.28 1034.99 1013.26 996.283 986.098
2025 917.518 954.977 987.229 1006.47 1019.03 1022.42 1038.38 1045.28 1034.99 1013.26 996.283 986.098
2026 917.518 954.977 987.229 1006.47 1019.03 1022.42 1038.38 1045.28 1034.99 1013.26 996.283 986.098
2027 917.518 954.977 987.229 1006.47 1019.03 1022.42 1038.38 1045.28 1034.99 1013.26 996.283 986.098
2028 917.518 954.977 987.229 1006.47 1019.03 1022.42 1038.38 1045.28 1034.99 1013.26 996.283 986.098
2029 917.518 954.977 987.229 1006.47 1019.03 1022.42 1038.38 1045.28 1034.99 1013.26 996.283 986.098
2030 917.518 954.977 987.229 1006.47 1019.03 1022.42 1038.38 1045.28 1034.99 1013.26 996.283 986.098
2031 917.518 954.977 987.229 1006.47 1019.03 1022.42 1038.38 1045.28 1034.99 1013.26 996.283 986.098
2032 917.518 954.977 987.229 1006.47 1019.03 1022.42 1038.38 1045.28 1034.99 1013.26 996.283 986.098
2033 917.518 954.977 987.229 1006.47 1019.03 1022.42 1038.38 1045.28 1034.99 1013.26 996.283 986.098
2034 917.518 954.977 987.229 1006.47 1019.03 1022.42 1038.38 1045.28 1034.99 1013.26 996.283 986.098
2035 917.518 954.977 987.229 1006.47 1019.03 1022.42 1038.38 1045.28 1034.99 1013.26 996.283 986.098
2036 917.518 954.977 987.229 1006.47 1019.03 1022.42 1038.38 1045.28 1034.99 1013.26 996.283 986.098
2037 917.518 954.977 987.229 1006.47 1019.03 1022.42 1038.38 1045.28 1034.99 1013.26 996.283 986.098
2038 917.518 954.977 987.229 1006.47 1019.03 1022.42 1038.38 1045.28 1034.99 1013.26 996.283 986.098
2039 917.518 954.977 987.229 1006.47 1019.03 1022.42 1038.38 1045.28 1034.99 1013.26 996.283 986.098
2040 917.518 954.977 987.229 1006.47 1019.03 1022.42 1038.38 1045.28 1034.99 1013.26 996.283 986.098
2041 917.518 954.977 987.229 1006.47 1019.03 1022.42 1038.38 1045.28 1034.99 1013.26 996.283 986.098
2042 917.518 954.977 987.229 1006.47 1019.03 1022.42 1038.38 1045.28 1034.99 1013.26 996.283 986.098
**** Planta:  122 SANTA BRANCA
A~no ......1 ......2 ......3 ......4 ......5 ......6 ......7 ......8 ......9 .....10 .....11 .....12
2021 390.367 422.799   430.9     439     439     439     439     439     439     439   430.9 414.699
2022 390.367 422.799   430.9     439     439     439     439     439     439     439   430.9 414.699
2023 390.367 422.799   430.9     439     439     439     439     439     439     439   430.9 414.699
2024 390.367 422.799   430.9     439     439     439     439     439     439     439   430.9 414.699
2025 390.367 422.799   430.9     439     439     439     439     439     439     439   430.9 414.699
2026 390.367 422.799   430.9     439     439     439     439     439     439     439   430.9 414.699
2027 390.367 422.799   430.9     439     439     439     439     439     439     439   430.9 414.699
2028 390.367 422.799   430.9     439     439     439     439     439     439     439   430.9 414.699
2029 390.367 422.799   430.9     439     439     439     439     439     439     439   430.9 414.699
2030 390.367 422.799   430.9     439     439     439     439     439     439     439   430.9 414.699
2031 390.367 422.799   430.9     439     439     439     439     439     439     439   430.9 414.699
2032 390.367 422.799   430.9     439     439     439     439     439     439     439   430.9 414.699
2033 390.367 422.799   430.9     439     439     439     439     439     439     439   430.9 414.699
2034 390.367 422.799   430.9     439     439     439     439     439     439     439   430.9 414.699
2035 390.367 422.799   430.9     439     439     439     439     439     439     439   430.9 414.699
2036 390.367 422.799   430.9     439     439     439     439     439     439     439   430.9 414.699
2037 390.367 422.799   430.9     439     439     439     439     439     439     439   430.9 414.699
2038 390.367 422.799   430.9     439     439     439     439     439     439     439   430.9 414.699
2039 390.367 422.799   430.9     439     439     439     439     439     439     439   430.9 414.699
2040 390.367 422.799   430.9     439     439     439     439     439     439     439   430.9 414.699
2041 390.367 422.799   430.9     439     439     439     439     439     439     439   430.9 414.699
2042 390.367 422.799   430.9     439     439     439     439     439     439     439   430.9 414.699
**** Planta:  123 FUNIL       
A~no ......1 ......2 ......3 ......4 ......5 ......6 ......7 ......8 ......9 .....10 .....11 .....12
2021 658.403 698.333 788.175     888     888     888     888     888     888     888 748.245 618.473
2022 658.403 698.333 788.175     888     888     888     888     888     888     888 748.245 618.473
2023 658.403 698.333 788.175     888     888     888     888     888     888     888 748.245 618.473
2024 658.403 698.333 788.175     888     888     888     888     888     888     888 748.245 618.473
2025 658.403 698.333 788.175     888     888     888     888     888     888     888 748.245 618.473
2026 658.403 698.333 788.175     888     888     888     888     888     888     888 748.245 618.473
2027 658.403 698.333 788.175     888     888     888     888     888     888     888 748.245 618.473
2028 658.403 698.333 788.175     888     888     888     888     888     888     888 748.245 618.473
2029 658.403 698.333 788.175     888     888     888     888     888     888     888 748.245 618.473
2030 658.403 698.333 788.175     888     888     888     888     888     888     888 748.245 618.473
2031 658.403 698.333 788.175     888     888     888     888     888     888     888 748.245 618.473
2032 658.403 698.333 788.175     888     888     888     888     888     888     888 748.245 618.473
2033 658.403 698.333 788.175     888     888     888     888     888     888     888 748.245 618.473
2034 658.403 698.333 788.175     888     888     888     888     888     888     888 748.245 618.473
2035 658.403 698.333 788.175     888     888     888     888     888     888     888 748.245 618.473
2036 658.403 698.333 788.175     888     888     888     888     888     888     888 748.245 618.473
2037 658.403 698.333 788.175     888     888     888     888     888     888     888 748.245 618.473
2038 658.403 698.333 788.175     888     888     888     888     888     888     888 748.245 618.473
2039 658.403 698.333 788.175     888     888     888     888     888     888     888 748.245 618.473
2040 658.403 698.333 788.175     888     888     888     888     888     888     888 748.245 618.473
2041 658.403 698.333 788.175     888     888     888     888     888     888     888 748.245 618.473
2042 658.403 698.333 788.175     888     888     888     888     888     888     888 748.245 618.473
**** Planta:  124 LAJES       
A~no ......1 ......2 ......3 ......4 ......5 ......6 ......7 ......8 ......9 .....10 .....11 .....12
2021   441.8   441.8   441.8   441.8   441.8   441.8   441.8   441.8   441.8   441.8   441.8   441.8
2022   441.8   441.8   441.8   441.8   441.8   441.8   441.8   441.8   441.8   441.8   441.8   441.8
2023   441.8   441.8   441.8   441.8   441.8   441.8   441.8   441.8   441.8   441.8   441.8   441.8
2024   441.8   441.8   441.8   441.8   441.8   441.8   441.8   441.8   441.8   441.8   441.8   441.8
2025   441.8   441.8   441.8   441.8   441.8   441.8   441.8   441.8   441.8   441.8   441.8   441.8
2026   441.8   441.8   441.8   441.8   441.8   441.8   441.8   441.8   441.8   441.8   441.8   441.8
2027   441.8   441.8   441.8   441.8   441.8   441.8   441.8   441.8   441.8   441.8   441.8   441.8
2028   441.8   441.8   441.8   441.8   441.8   441.8   441.8   441.8   441.8   441.8   441.8   441.8
2029   441.8   441.8   441.8   441.8   441.8   441.8   441.8   441.8   441.8   441.8   441.8   441.8
2030   441.8   441.8   441.8   441.8   441.8   441.8   441.8   441.8   441.8   441.8   441.8   441.8
2031   441.8   441.8   441.8   441.8   441.8   441.8   441.8   441.8   441.8   441.8   441.8   441.8
2032   441.8   441.8   441.8   441.8   441.8   441.8   441.8   441.8   441.8   441.8   441.8   441.8
2033   441.8   441.8   441.8   441.8   441.8   441.8   441.8   441.8   441.8   441.8   441.8   441.8
2034   441.8   441.8   441.8   441.8   441.8   441.8   441.8   441.8   441.8   441.8   441.8   441.8
2035   441.8   441.8   441.8   441.8   441.8   441.8   441.8   441.8   441.8   441.8   441.8   441.8
2036   441.8   441.8   441.8   441.8   441.8   441.8   441.8   441.8   441.8   441.8   441.8   441.8
2037   441.8   441.8   441.8   441.8   441.8   441.8   441.8   441.8   441.8   441.8   441.8   441.8
2038   441.8   441.8   441.8   441.8   441.8   441.8   441.8   441.8   441.8   441.8   441.8   441.8
2039   441.8   441.8   441.8   441.8   441.8   441.8   441.8   441.8   441.8   441.8   441.8   441.8
2040   441.8   441.8   441.8   441.8   441.8   441.8   441.8   441.8   441.8   441.8   441.8   441.8
2041   441.8   441.8   441.8   441.8   441.8   441.8   441.8   441.8   441.8   441.8   441.8   441.8
2042   441.8   441.8   441.8   441.8   441.8   441.8   441.8   441.8   441.8   441.8   441.8   441.8
**** Planta:  148 IRAPE       
A~no ......1 ......2 ......3 ......4 ......5 ......6 ......7 ......8 ......9 .....10 .....11 .....12
2021 5623.15 5743.64  5843.8 5963.92 5963.92 5963.92 5963.92 5963.92 5963.92 5963.92 5463.12 5563.28
2022 5623.15 5743.64  5843.8 5963.92 5963.92 5963.92 5963.92 5963.92 5963.92 5963.92 5463.12 5563.28
2023 5623.15 5743.64  5843.8 5963.92 5963.92 5963.92 5963.92 5963.92 5963.92 5963.92 5463.12 5563.28
2024 5623.15 5743.64  5843.8 5963.92 5963.92 5963.92 5963.92 5963.92 5963.92 5963.92 5463.12 5563.28
2025 5623.15 5743.64  5843.8 5963.92 5963.92 5963.92 5963.92 5963.92 5963.92 5963.92 5463.12 5563.28
2026 5623.15 5743.64  5843.8 5963.92 5963.92 5963.92 5963.92 5963.92 5963.92 5963.92 5463.12 5563.28
2027 5623.15 5743.64  5843.8 5963.92 5963.92 5963.92 5963.92 5963.92 5963.92 5963.92 5463.12 5563.28
2028 5623.15 5743.64  5843.8 5963.92 5963.92 5963.92 5963.92 5963.92 5963.92 5963.92 5463.12 5563.28
2029 5623.15 5743.64  5843.8 5963.92 5963.92 5963.92 5963.92 5963.92 5963.92 5963.92 5463.12 5563.28
2030 5623.15 5743.64  5843.8 5963.92 5963.92 5963.92 5963.92 5963.92 5963.92 5963.92 5463.12 5563.28
2031 5623.15 5743.64  5843.8 5963.92 5963.92 5963.92 5963.92 5963.92 5963.92 5963.92 5463.12 5563.28
2032 5623.15 5743.64  5843.8 5963.92 5963.92 5963.92 5963.92 5963.92 5963.92 5963.92 5463.12 5563.28
2033 5623.15 5743.64  5843.8 5963.92 5963.92 5963.92 5963.92 5963.92 5963.92 5963.92 5463.12 5563.28
2034 5623.15 5743.64  5843.8 5963.92 5963.92 5963.92 5963.92 5963.92 5963.92 5963.92 5463.12 5563.28
2035 5623.15 5743.64  5843.8 5963.92 5963.92 5963.92 5963.92 5963.92 5963.92 5963.92 5463.12 5563.28
2036 5623.15 5743.64  5843.8 5963.92 5963.92 5963.92 5963.92 5963.92 5963.92 5963.92 5463.12 5563.28
2037 5623.15 5743.64  5843.8 5963.92 5963.92 5963.92 5963.92 5963.92 5963.92 5963.92 5463.12 5563.28
2038 5623.15 5743.64  5843.8 5963.92 5963.92 5963.92 5963.92 5963.92 5963.92 5963.92 5463.12 5563.28
2039 5623.15 5743.64  5843.8 5963.92 5963.92 5963.92 5963.92 5963.92 5963.92 5963.92 5463.12 5563.28
2040 5623.15 5743.64  5843.8 5963.92 5963.92 5963.92 5963.92 5963.92 5963.92 5963.92 5463.12 5563.28
2041 5623.15 5743.64  5843.8 5963.92 5963.92 5963.92 5963.92 5963.92 5963.92 5963.92 5463.12 5563.28
2042 5623.15 5743.64  5843.8 5963.92 5963.92 5963.92 5963.92 5963.92 5963.92 5963.92 5463.12 5563.28
**** Planta:    1 CAMARGOS    
A~no ......1 ......2 ......3 ......4 ......5 ......6 ......7 ......8 ......9 .....10 .....11 .....12
2021 421.997 471.994 661.968     792     792     792     792     792     792     792 492.019 421.997
2022 421.997 471.994 661.968     792     792     792     792     792     792     792 492.019 421.997
2023 421.997 471.994 661.968     792     792     792     792     792     792     792 492.019 421.997
2024 421.997 471.994 661.968     792     792     792     792     792     792     792 492.019 421.997
2025 421.997 471.994 661.968     792     792     792     792     792     792     792 492.019 421.997
2026 421.997 471.994 661.968     792     792     792     792     792     792     792 492.019 421.997
2027 421.997 471.994 661.968     792     792     792     792     792     792     792 492.019 421.997
2028 421.997 471.994 661.968     792     792     792     792     792     792     792 492.019 421.997
2029 421.997 471.994 661.968     792     792     792     792     792     792     792 492.019 421.997
2030 421.997 471.994 661.968     792     792     792     792     792     792     792 492.019 421.997
2031 421.997 471.994 661.968     792     792     792     792     792     792     792 492.019 421.997
2032 421.997 471.994 661.968     792     792     792     792     792     792     792 492.019 421.997
2033 421.997 471.994 661.968     792     792     792     792     792     792     792 492.019 421.997
2034 421.997 471.994 661.968     792     792     792     792     792     792     792 492.019 421.997
2035 421.997 471.994 661.968     792     792     792     792     792     792     792 492.019 421.997
2036 421.997 471.994 661.968     792     792     792     792     792     792     792 492.019 421.997
2037 421.997 471.994 661.968     792     792     792     792     792     792     792 492.019 421.997
2038 421.997 471.994 661.968     792     792     792     792     792     792     792 492.019 421.997
2039 421.997 471.994 661.968     792     792     792     792     792     792     792 492.019 421.997
2040 421.997 471.994 661.968     792     792     792     792     792     792     792 492.019 421.997
2041 421.997 471.994 661.968     792     792     792     792     792     792     792 492.019 421.997
2042 421.997 471.994 661.968     792     792     792     792     792     792     792 492.019 421.997
**** Planta:    6 FURNAS      
A~no ......1 ......2 ......3 ......4 ......5 ......6 ......7 ......8 ......9 .....10 .....11 .....12
2021 22259.6 22443.8 22705.5   22950   22950   22950   22950   22950   22950   22950 22247.6 21837.8
2022 22259.6 22443.8 22705.5   22950   22950   22950   22950   22950   22950   22950 22247.6 21837.8
2023 22259.6 22443.8 22705.5   22950   22950   22950   22950   22950   22950   22950 22247.6 21837.8
2024 22259.6 22443.8 22705.5   22950   22950   22950   22950   22950   22950   22950 22247.6 21837.8
2025 22259.6 22443.8 22705.5   22950   22950   22950   22950   22950   22950   22950 22247.6 21837.8
2026 22259.6 22443.8 22705.5   22950   22950   22950   22950   22950   22950   22950 22247.6 21837.8
2027 22259.6 22443.8 22705.5   22950   22950   22950   22950   22950   22950   22950 22247.6 21837.8
2028 22259.6 22443.8 22705.5   22950   22950   22950   22950   22950   22950   22950 22247.6 21837.8
2029 22259.6 22443.8 22705.5   22950   22950   22950   22950   22950   22950   22950 22247.6 21837.8
2030 22259.6 22443.8 22705.5   22950   22950   22950   22950   22950   22950   22950 22247.6 21837.8
2031 22259.6 22443.8 22705.5   22950   22950   22950   22950   22950   22950   22950 22247.6 21837.8
2032 22259.6 22443.8 22705.5   22950   22950   22950   22950   22950   22950   22950 22247.6 21837.8
2033 22259.6 22443.8 22705.5   22950   22950   22950   22950   22950   22950   22950 22247.6 21837.8
2034 22259.6 22443.8 22705.5   22950   22950   22950   22950   22950   22950   22950 22247.6 21837.8
2035 22259.6 22443.8 22705.5   22950   22950   22950   22950   22950   22950   22950 22247.6 21837.8
2036 22259.6 22443.8 22705.5   22950   22950   22950   22950   22950   22950   22950 22247.6 21837.8
2037 22259.6 22443.8 22705.5   22950   22950   22950   22950   22950   22950   22950 22247.6 21837.8
2038 22259.6 22443.8 22705.5   22950   22950   22950   22950   22950   22950   22950 22247.6 21837.8
2039 22259.6 22443.8 22705.5   22950   22950   22950   22950   22950   22950   22950 22247.6 21837.8
2040 22259.6 22443.8 22705.5   22950   22950   22950   22950   22950   22950   22950 22247.6 21837.8
2041 22259.6 22443.8 22705.5   22950   22950   22950   22950   22950   22950   22950 22247.6 21837.8
2042 22259.6 22443.8 22705.5   22950   22950   22950   22950   22950   22950   22950 22247.6 21837.8
**** Planta:    7 M. DE MORAES
A~no ......1 ......2 ......3 ......4 ......5 ......6 ......7 ......8 ......9 .....10 .....11 .....12
2021    3540    3540    3767    4040    4040    4040    4040    4040    4040    4040    3540    3540
2022    3540    3540    3767    4040    4040    4040    4040    4040    4040    4040    3540    3540
2023    3540    3540    3767    4040    4040    4040    4040    4040    4040    4040    3540    3540
2024    3540    3540    3767    4040    4040    4040    4040    4040    4040    4040    3540    3540
2025    3540    3540    3767    4040    4040    4040    4040    4040    4040    4040    3540    3540
2026    3540    3540    3767    4040    4040    4040    4040    4040    4040    4040    3540    3540
2027    3540    3540    3767    4040    4040    4040    4040    4040    4040    4040    3540    3540
2028    3540    3540    3767    4040    4040    4040    4040    4040    4040    4040    3540    3540
2029    3540    3540    3767    4040    4040    4040    4040    4040    4040    4040    3540    3540
2030    3540    3540    3767    4040    4040    4040    4040    4040    4040    4040    3540    3540
2031    3540    3540    3767    4040    4040    4040    4040    4040    4040    4040    3540    3540
2032    3540    3540    3767    4040    4040    4040    4040    4040    4040    4040    3540    3540
2033    3540    3540    3767    4040    4040    4040    4040    4040    4040    4040    3540    3540
2034    3540    3540    3767    4040    4040    4040    4040    4040    4040    4040    3540    3540
2035    3540    3540    3767    4040    4040    4040    4040    4040    4040    4040    3540    3540
2036    3540    3540    3767    4040    4040    4040    4040    4040    4040    4040    3540    3540
2037    3540    3540    3767    4040    4040    4040    4040    4040    4040    4040    3540    3540
2038    3540    3540    3767    4040    4040    4040    4040    4040    4040    4040    3540    3540
2039    3540    3540    3767    4040    4040    4040    4040    4040    4040    4040    3540    3540
2040    3540    3540    3767    4040    4040    4040    4040    4040    4040    4040    3540    3540
2041    3540    3540    3767    4040    4040    4040    4040    4040    4040    4040    3540    3540
2042    3540    3540    3767    4040    4040    4040    4040    4040    4040    4040    3540    3540
**** Planta:   14 CACONDE     
A~no ......1 ......2 ......3 ......4 ......5 ......6 ......7 ......8 ......9 .....10 .....11 .....12
2021 525.012 534.991 545.021     555     555     555     555     555     555     555 525.012 514.982
2022 525.012 534.991 545.021     555     555     555     555     555     555     555 525.012 514.982
2023 525.012 534.991 545.021     555     555     555     555     555     555     555 525.012 514.982
2024 525.012 534.991 545.021     555     555     555     555     555     555     555 525.012 514.982
2025 525.012 534.991 545.021     555     555     555     555     555     555     555 525.012 514.982
2026 525.012 534.991 545.021     555     555     555     555     555     555     555 525.012 514.982
2027 525.012 534.991 545.021     555     555     555     555     555     555     555 525.012 514.982
2028 525.012 534.991 545.021     555     555     555     555     555     555     555 525.012 514.982
2029 525.012 534.991 545.021     555     555     555     555     555     555     555 525.012 514.982
2030 525.012 534.991 545.021     555     555     555     555     555     555     555 525.012 514.982
2031 525.012 534.991 545.021     555     555     555     555     555     555     555 525.012 514.982
2032 525.012 534.991 545.021     555     555     555     555     555     555     555 525.012 514.982
2033 525.012 534.991 545.021     555     555     555     555     555     555     555 525.012 514.982
2034 525.012 534.991 545.021     555     555     555     555     555     555     555 525.012 514.982
2035 525.012 534.991 545.021     555     555     555     555     555     555     555 525.012 514.982
2036 525.012 534.991 545.021     555     555     555     555     555     555     555 525.012 514.982
2037 525.012 534.991 545.021     555     555     555     555     555     555     555 525.012 514.982
2038 525.012 534.991 545.021     555     555     555     555     555     555     555 525.012 514.982
2039 525.012 534.991 545.021     555     555     555     555     555     555     555 525.012 514.982
2040 525.012 534.991 545.021     555     555     555     555     555     555     555 525.012 514.982
2041 525.012 534.991 545.021     555     555     555     555     555     555     555 525.012 514.982
2042 525.012 534.991 545.021     555     555     555     555     555     555     555 525.012 514.982
**** Planta:   17 MARIMBONDO  
A~no ......1 ......2 ......3 ......4 ......5 ......6 ......7 ......8 ......9 .....10 .....11 .....12
2021 4525.19 4679.83 5195.31 5676.07    5887    5887    5887    5887    5887    5887 4502.04 3996.03
2022 4525.19 4679.83 5195.31 5676.07    5887    5887    5887    5887    5887    5887 4502.04 3996.03
2023 4525.19 4679.83 5195.31 5676.07    5887    5887    5887    5887    5887    5887 4502.04 3996.03
2024 4525.19 4679.83 5195.31 5676.07    5887    5887    5887    5887    5887    5887 4502.04 3996.03
2025 4525.19 4679.83 5195.31 5676.07    5887    5887    5887    5887    5887    5887 4502.04 3996.03
2026 4525.19 4679.83 5195.31 5676.07    5887    5887    5887    5887    5887    5887 4502.04 3996.03
2027 4525.19 4679.83 5195.31 5676.07    5887    5887    5887    5887    5887    5887 4502.04 3996.03
2028 4525.19 4679.83 5195.31 5676.07    5887    5887    5887    5887    5887    5887 4502.04 3996.03
2029 4525.19 4679.83 5195.31 5676.07    5887    5887    5887    5887    5887    5887 4502.04 3996.03
2030 4525.19 4679.83 5195.31 5676.07    5887    5887    5887    5887    5887    5887 4502.04 3996.03
2031 4525.19 4679.83 5195.31 5676.07    5887    5887    5887    5887    5887    5887 4502.04 3996.03
2032 4525.19 4679.83 5195.31 5676.07    5887    5887    5887    5887    5887    5887 4502.04 3996.03
2033 4525.19 4679.83 5195.31 5676.07    5887    5887    5887    5887    5887    5887 4502.04 3996.03
2034 4525.19 4679.83 5195.31 5676.07    5887    5887    5887    5887    5887    5887 4502.04 3996.03
2035 4525.19 4679.83 5195.31 5676.07    5887    5887    5887    5887    5887    5887 4502.04 3996.03
2036 4525.19 4679.83 5195.31 5676.07    5887    5887    5887    5887    5887    5887 4502.04 3996.03
2037 4525.19 4679.83 5195.31 5676.07    5887    5887    5887    5887    5887    5887 4502.04 3996.03
2038 4525.19 4679.83 5195.31 5676.07    5887    5887    5887    5887    5887    5887 4502.04 3996.03
2039 4525.19 4679.83 5195.31 5676.07    5887    5887    5887    5887    5887    5887 4502.04 3996.03
2040 4525.19 4679.83 5195.31 5676.07    5887    5887    5887    5887    5887    5887 4502.04 3996.03
2041 4525.19 4679.83 5195.31 5676.07    5887    5887    5887    5887    5887    5887 4502.04 3996.03
2042 4525.19 4679.83 5195.31 5676.07    5887    5887    5887    5887    5887    5887 4502.04 3996.03
**** Planta:   18 A. VERMELHA 
A~no ......1 ......2 ......3 ......4 ......5 ......6 ......7 ......8 ......9 .....10 .....11 .....12
2021 9442.77 9902.81 10482.8   11025   11025   11025   11025   11025   11025   11025 9412.79 8826.11
2022 9442.77 9902.81 10482.8   11025   11025   11025   11025   11025   11025   11025 9412.79 8826.11
2023 9442.77 9902.81 10482.8   11025   11025   11025   11025   11025   11025   11025 9412.79 8826.11
2024 9442.77 9902.81 10482.8   11025   11025   11025   11025   11025   11025   11025 9412.79 8826.11
2025 9442.77 9902.81 10482.8   11025   11025   11025   11025   11025   11025   11025 9412.79 8826.11
2026 9442.77 9902.81 10482.8   11025   11025   11025   11025   11025   11025   11025 9412.79 8826.11
2027 9442.77 9902.81 10482.8   11025   11025   11025   11025   11025   11025   11025 9412.79 8826.11
2028 9442.77 9902.81 10482.8   11025   11025   11025   11025   11025   11025   11025 9412.79 8826.11
2029 9442.77 9902.81 10482.8   11025   11025   11025   11025   11025   11025   11025 9412.79 8826.11
2030 9442.77 9902.81 10482.8   11025   11025   11025   11025   11025   11025   11025 9412.79 8826.11
2031 9442.77 9902.81 10482.8   11025   11025   11025   11025   11025   11025   11025 9412.79 8826.11
2032 9442.77 9902.81 10482.8   11025   11025   11025   11025   11025   11025   11025 9412.79 8826.11
2033 9442.77 9902.81 10482.8   11025   11025   11025   11025   11025   11025   11025 9412.79 8826.11
2034 9442.77 9902.81 10482.8   11025   11025   11025   11025   11025   11025   11025 9412.79 8826.11
2035 9442.77 9902.81 10482.8   11025   11025   11025   11025   11025   11025   11025 9412.79 8826.11
2036 9442.77 9902.81 10482.8   11025   11025   11025   11025   11025   11025   11025 9412.79 8826.11
2037 9442.77 9902.81 10482.8   11025   11025   11025   11025   11025   11025   11025 9412.79 8826.11
2038 9442.77 9902.81 10482.8   11025   11025   11025   11025   11025   11025   11025 9412.79 8826.11
2039 9442.77 9902.81 10482.8   11025   11025   11025   11025   11025   11025   11025 9412.79 8826.11
2040 9442.77 9902.81 10482.8   11025   11025   11025   11025   11025   11025   11025 9412.79 8826.11
2041 9442.77 9902.81 10482.8   11025   11025   11025   11025   11025   11025   11025 9412.79 8826.11
2042 9442.77 9902.81 10482.8   11025   11025   11025   11025   11025   11025   11025 9412.79 8826.11
**** Planta:   34 I. SOLTEIRA 
A~no ......1 ......2 ......3 ......4 ......5 ......6 ......7 ......8 ......9 .....10 .....11 .....12
2021 18290.9 19066.5 20091.5   21060   21060   21060   21060   21060   21060   21060 18244.2 18091.4
2022 18290.9 19066.5 20091.5   21060   21060   21060   21060   21060   21060   21060 18244.2 18091.4
2023 18290.9 19066.5 20091.5   21060   21060   21060   21060   21060   21060   21060 18244.2 18091.4
2024 18290.9 19066.5 20091.5   21060   21060   21060   21060   21060   21060   21060 18244.2 18091.4
2025 18290.9 19066.5 20091.5   21060   21060   21060   21060   21060   21060   21060 18244.2 18091.4
2026 18290.9 19066.5 20091.5   21060   21060   21060   21060   21060   21060   21060 18244.2 18091.4
2027 18290.9 19066.5 20091.5   21060   21060   21060   21060   21060   21060   21060 18244.2 18091.4
2028 18290.9 19066.5 20091.5   21060   21060   21060   21060   21060   21060   21060 18244.2 18091.4
2029 18290.9 19066.5 20091.5   21060   21060   21060   21060   21060   21060   21060 18244.2 18091.4
2030 18290.9 19066.5 20091.5   21060   21060   21060   21060   21060   21060   21060 18244.2 18091.4
2031 18290.9 19066.5 20091.5   21060   21060   21060   21060   21060   21060   21060 18244.2 18091.4
2032 18290.9 19066.5 20091.5   21060   21060   21060   21060   21060   21060   21060 18244.2 18091.4
2033 18290.9 19066.5 20091.5   21060   21060   21060   21060   21060   21060   21060 18244.2 18091.4
2034 18290.9 19066.5 20091.5   21060   21060   21060   21060   21060   21060   21060 18244.2 18091.4
2035 18290.9 19066.5 20091.5   21060   21060   21060   21060   21060   21060   21060 18244.2 18091.4
2036 18290.9 19066.5 20091.5   21060   21060   21060   21060   21060   21060   21060 18244.2 18091.4
2037 18290.9 19066.5 20091.5   21060   21060   21060   21060   21060   21060   21060 18244.2 18091.4
2038 18290.9 19066.5 20091.5   21060   21060   21060   21060   21060   21060   21060 18244.2 18091.4
2039 18290.9 19066.5 20091.5   21060   21060   21060   21060   21060   21060   21060 18244.2 18091.4
2040 18290.9 19066.5 20091.5   21060   21060   21060   21060   21060   21060   21060 18244.2 18091.4
2041 18290.9 19066.5 20091.5   21060   21060   21060   21060   21060   21060   21060 18244.2 18091.4
2042 18290.9 19066.5 20091.5   21060   21060   21060   21060   21060   21060   21060 18244.2 18091.4
**** Planta:   24 EMBORCACAO  
A~no ......1 ......2 ......3 ......4 ......5 ......6 ......7 ......8 ......9 .....10 .....11 .....12
2021 17347.7 17449.5 17591.8   17725   17725   17725   17725   17725   17725   17725 17342.5   17114
2022 17347.7 17449.5 17591.8   17725   17725   17725   17725   17725   17725   17725 17342.5   17114
2023 17347.7 17449.5 17591.8   17725   17725   17725   17725   17725   17725   17725 17342.5   17114
2024 17347.7 17449.5 17591.8   17725   17725   17725   17725   17725   17725   17725 17342.5   17114
2025 17347.7 17449.5 17591.8   17725   17725   17725   17725   17725   17725   17725 17342.5   17114
2026 17347.7 17449.5 17591.8   17725   17725   17725   17725   17725   17725   17725 17342.5   17114
2027 17347.7 17449.5 17591.8   17725   17725   17725   17725   17725   17725   17725 17342.5   17114
2028 17347.7 17449.5 17591.8   17725   17725   17725   17725   17725   17725   17725 17342.5   17114
2029 17347.7 17449.5 17591.8   17725   17725   17725   17725   17725   17725   17725 17342.5   17114
2030 17347.7 17449.5 17591.8   17725   17725   17725   17725   17725   17725   17725 17342.5   17114
2031 17347.7 17449.5 17591.8   17725   17725   17725   17725   17725   17725   17725 17342.5   17114
2032 17347.7 17449.5 17591.8   17725   17725   17725   17725   17725   17725   17725 17342.5   17114
2033 17347.7 17449.5 17591.8   17725   17725   17725   17725   17725   17725   17725 17342.5   17114
2034 17347.7 17449.5 17591.8   17725   17725   17725   17725   17725   17725   17725 17342.5   17114
2035 17347.7 17449.5 17591.8   17725   17725   17725   17725   17725   17725   17725 17342.5   17114
2036 17347.7 17449.5 17591.8   17725   17725   17725   17725   17725   17725   17725 17342.5   17114
2037 17347.7 17449.5 17591.8   17725   17725   17725   17725   17725   17725   17725 17342.5   17114
2038 17347.7 17449.5 17591.8   17725   17725   17725   17725   17725   17725   17725 17342.5   17114
2039 17347.7 17449.5 17591.8   17725   17725   17725   17725   17725   17725   17725 17342.5   17114
2040 17347.7 17449.5 17591.8   17725   17725   17725   17725   17725   17725   17725 17342.5   17114
2041 17347.7 17449.5 17591.8   17725   17725   17725   17725   17725   17725   17725 17342.5   17114
2042 17347.7 17449.5 17591.8   17725   17725   17725   17725   17725   17725   17725 17342.5   17114
**** Planta:   25 NOVA PONTE  
A~no ......1 ......2 ......3 ......4 ......5 ......6 ......7 ......8 ......9 .....10 .....11 .....12
2021 12567.8   12628 12713.1   12792   12792   12792   12792   12792   12792   12792 12563.6 12392.4
2022 12567.8   12628 12713.1   12792   12792   12792   12792   12792   12792   12792 12563.6 12392.4
2023 12567.8   12628 12713.1   12792   12792   12792   12792   12792   12792   12792 12563.6 12392.4
2024 12567.8   12628 12713.1   12792   12792   12792   12792   12792   12792   12792 12563.6 12392.4
2025 12567.8   12628 12713.1   12792   12792   12792   12792   12792   12792   12792 12563.6 12392.4
2026 12567.8   12628 12713.1   12792   12792   12792   12792   12792   12792   12792 12563.6 12392.4
2027 12567.8   12628 12713.1   12792   12792   12792   12792   12792   12792   12792 12563.6 12392.4
2028 12567.8   12628 12713.1   12792   12792   12792   12792   12792   12792   12792 12563.6 12392.4
2029 12567.8   12628 12713.1   12792   12792   12792   12792   12792   12792   12792 12563.6 12392.4
2030 12567.8   12628 12713.1   12792   12792   12792   12792   12792   12792   12792 12563.6 12392.4
2031 12567.8   12628 12713.1   12792   12792   12792   12792   12792   12792   12792 12563.6 12392.4
2032 12567.8   12628 12713.1   12792   12792   12792   12792   12792   12792   12792 12563.6 12392.4
2033 12567.8   12628 12713.1   12792   12792   12792   12792   12792   12792   12792 12563.6 12392.4
2034 12567.8   12628 12713.1   12792   12792   12792   12792   12792   12792   12792 12563.6 12392.4
2035 12567.8   12628 12713.1   12792   12792   12792   12792   12792   12792   12792 12563.6 12392.4
2036 12567.8   12628 12713.1   12792   12792   12792   12792   12792   12792   12792 12563.6 12392.4
2037 12567.8   12628 12713.1   12792   12792   12792   12792   12792   12792   12792 12563.6 12392.4
2038 12567.8   12628 12713.1   12792   12792   12792   12792   12792   12792   12792 12563.6 12392.4
2039 12567.8   12628 12713.1   12792   12792   12792   12792   12792   12792   12792 12563.6 12392.4
2040 12567.8   12628 12713.1   12792   12792   12792   12792   12792   12792   12792 12563.6 12392.4
2041 12567.8   12628 12713.1   12792   12792   12792   12792   12792   12792   12792 12563.6 12392.4
2042 12567.8   12628 12713.1   12792   12792   12792   12792   12792   12792   12792 12563.6 12392.4
**** Planta:   31 ITUMBIARA   
A~no ......1 ......2 ......3 ......4 ......5 ......6 ......7 ......8 ......9 .....10 .....11 .....12
2021 15840.1   16159 16608.5   17027   17027   17027   17027   17027   17027   17027 15751.7 15299.6
2022 15840.1   16159 16608.5   17027   17027   17027   17027   17027   17027   17027 15751.7 15299.6
2023 15840.1   16159 16608.5   17027   17027   17027   17027   17027   17027   17027 15751.7 15299.6
2024 15840.1   16159 16608.5   17027   17027   17027   17027   17027   17027   17027 15751.7 15299.6
2025 15840.1   16159 16608.5   17027   17027   17027   17027   17027   17027   17027 15751.7 15299.6
2026 15840.1   16159 16608.5   17027   17027   17027   17027   17027   17027   17027 15751.7 15299.6
2027 15840.1   16159 16608.5   17027   17027   17027   17027   17027   17027   17027 15751.7 15299.6
2028 15840.1   16159 16608.5   17027   17027   17027   17027   17027   17027   17027 15751.7 15299.6
2029 15840.1   16159 16608.5   17027   17027   17027   17027   17027   17027   17027 15751.7 15299.6
2030 15840.1   16159 16608.5   17027   17027   17027   17027   17027   17027   17027 15751.7 15299.6
2031 15840.1   16159 16608.5   17027   17027   17027   17027   17027   17027   17027 15751.7 15299.6
2032 15840.1   16159 16608.5   17027   17027   17027   17027   17027   17027   17027 15751.7 15299.6
2033 15840.1   16159 16608.5   17027   17027   17027   17027   17027   17027   17027 15751.7 15299.6
2034 15840.1   16159 16608.5   17027   17027   17027   17027   17027   17027   17027 15751.7 15299.6
2035 15840.1   16159 16608.5   17027   17027   17027   17027   17027   17027   17027 15751.7 15299.6
2036 15840.1   16159 16608.5   17027   17027   17027   17027   17027   17027   17027 15751.7 15299.6
2037 15840.1   16159 16608.5   17027   17027   17027   17027   17027   17027   17027 15751.7 15299.6
2038 15840.1   16159 16608.5   17027   17027   17027   17027   17027   17027   17027 15751.7 15299.6
2039 15840.1   16159 16608.5   17027   17027   17027   17027   17027   17027   17027 15751.7 15299.6
2040 15840.1   16159 16608.5   17027   17027   17027   17027   17027   17027   17027 15751.7 15299.6
2041 15840.1   16159 16608.5   17027   17027   17027   17027   17027   17027   17027 15751.7 15299.6
2042 15840.1   16159 16608.5   17027   17027   17027   17027   17027   17027   17027 15751.7 15299.6
**** Planta:   33 SAO SIMAO   
A~no ......1 ......2 ......3 ......4 ......5 ......6 ......7 ......8 ......9 .....10 .....11 .....12
2021 10717.9 11219.8 11901.8   12540   12540   12540   12540   12540   12540   12540 10649.2 9996.03
2022 10717.9 11219.8 11901.8   12540   12540   12540   12540   12540   12540   12540 10649.2 9996.03
2023 10717.9 11219.8 11901.8   12540   12540   12540   12540   12540   12540   12540 10649.2 9996.03
2024 10717.9 11219.8 11901.8   12540   12540   12540   12540   12540   12540   12540 10649.2 9996.03
2025 10717.9 11219.8 11901.8   12540   12540   12540   12540   12540   12540   12540 10649.2 9996.03
2026 10717.9 11219.8 11901.8   12540   12540   12540   12540   12540   12540   12540 10649.2 9996.03
2027 10717.9 11219.8 11901.8   12540   12540   12540   12540   12540   12540   12540 10649.2 9996.03
2028 10717.9 11219.8 11901.8   12540   12540   12540   12540   12540   12540   12540 10649.2 9996.03
2029 10717.9 11219.8 11901.8   12540   12540   12540   12540   12540   12540   12540 10649.2 9996.03
2030 10717.9 11219.8 11901.8   12540   12540   12540   12540   12540   12540   12540 10649.2 9996.03
2031 10717.9 11219.8 11901.8   12540   12540   12540   12540   12540   12540   12540 10649.2 9996.03
2032 10717.9 11219.8 11901.8   12540   12540   12540   12540   12540   12540   12540 10649.2 9996.03
2033 10717.9 11219.8 11901.8   12540   12540   12540   12540   12540   12540   12540 10649.2 9996.03
2034 10717.9 11219.8 11901.8   12540   12540   12540   12540   12540   12540   12540 10649.2 9996.03
2035 10717.9 11219.8 11901.8   12540   12540   12540   12540   12540   12540   12540 10649.2 9996.03
2036 10717.9 11219.8 11901.8   12540   12540   12540   12540   12540   12540   12540 10649.2 9996.03
2037 10717.9 11219.8 11901.8   12540   12540   12540   12540   12540   12540   12540 10649.2 9996.03
2038 10717.9 11219.8 11901.8   12540   12540   12540   12540   12540   12540   12540 10649.2 9996.03
2039 10717.9 11219.8 11901.8   12540   12540   12540   12540   12540   12540   12540 10649.2 9996.03
2040 10717.9 11219.8 11901.8   12540   12540   12540   12540   12540   12540   12540 10649.2 9996.03
2041 10717.9 11219.8 11901.8   12540   12540   12540   12540   12540   12540   12540 10649.2 9996.03
2042 10717.9 11219.8 11901.8   12540   12540   12540   12540   12540   12540   12540 10649.2 9996.03
**** Planta:   37 BARRA BONITA
A~no ......1 ......2 ......3 ......4 ......5 ......6 ......7 ......8 ......9 .....10 .....11 .....12
2021 2565.09 2724.95    2785  3004.9 3034.93    3135    3135    3135    3135    3135 2822.97 2455.01
2022 2565.09 2724.95    2785  3004.9 3034.93    3135    3135    3135    3135    3135 2822.97 2455.01
2023 2565.09 2724.95    2785  3004.9 3034.93    3135    3135    3135    3135    3135 2822.97 2455.01
2024 2565.09 2724.95    2785  3004.9 3034.93    3135    3135    3135    3135    3135 2822.97 2455.01
2025 2565.09 2724.95    2785  3004.9 3034.93    3135    3135    3135    3135    3135 2822.97 2455.01
2026 2565.09 2724.95    2785  3004.9 3034.93    3135    3135    3135    3135    3135 2822.97 2455.01
2027 2565.09 2724.95    2785  3004.9 3034.93    3135    3135    3135    3135    3135 2822.97 2455.01
2028 2565.09 2724.95    2785  3004.9 3034.93    3135    3135    3135    3135    3135 2822.97 2455.01
2029 2565.09 2724.95    2785  3004.9 3034.93    3135    3135    3135    3135    3135 2822.97 2455.01
2030 2565.09 2724.95    2785  3004.9 3034.93    3135    3135    3135    3135    3135 2822.97 2455.01
2031 2565.09 2724.95    2785  3004.9 3034.93    3135    3135    3135    3135    3135 2822.97 2455.01
2032 2565.09 2724.95    2785  3004.9 3034.93    3135    3135    3135    3135    3135 2822.97 2455.01
2033 2565.09 2724.95    2785  3004.9 3034.93    3135    3135    3135    3135    3135 2822.97 2455.01
2034 2565.09 2724.95    2785  3004.9 3034.93    3135    3135    3135    3135    3135 2822.97 2455.01
2035 2565.09 2724.95    2785  3004.9 3034.93    3135    3135    3135    3135    3135 2822.97 2455.01
2036 2565.09 2724.95    2785  3004.9 3034.93    3135    3135    3135    3135    3135 2822.97 2455.01
2037 2565.09 2724.95    2785  3004.9 3034.93    3135    3135    3135    3135    3135 2822.97 2455.01
2038 2565.09 2724.95    2785  3004.9 3034.93    3135    3135    3135    3135    3135 2822.97 2455.01
2039 2565.09 2724.95    2785  3004.9 3034.93    3135    3135    3135    3135    3135 2822.97 2455.01
2040 2565.09 2724.95    2785  3004.9 3034.93    3135    3135    3135    3135    3135 2822.97 2455.01
2041 2565.09 2724.95    2785  3004.9 3034.93    3135    3135    3135    3135    3135 2822.97 2455.01
2042 2565.09 2724.95    2785  3004.9 3034.93    3135    3135    3135    3135    3135 2822.97 2455.01
**** Planta:   40 PROMISSAO   
A~no ......1 ......2 ......3 ......4 ......5 ......6 ......7 ......8 ......9 .....10 .....11 .....12
2021 6903.03 7053.05 7236.91    7408    7408    7408    7408    7408    7408    7408 6893.02 5896.06
2022 6903.03 7053.05 7236.91    7408    7408    7408    7408    7408    7408    7408 6893.02 5896.06
2023 6903.03 7053.05 7236.91    7408    7408    7408    7408    7408    7408    7408 6893.02 5896.06
2024 6903.03 7053.05 7236.91    7408    7408    7408    7408    7408    7408    7408 6893.02 5896.06
2025 6903.03 7053.05 7236.91    7408    7408    7408    7408    7408    7408    7408 6893.02 5896.06
2026 6903.03 7053.05 7236.91    7408    7408    7408    7408    7408    7408    7408 6893.02 5896.06
2027 6903.03 7053.05 7236.91    7408    7408    7408    7408    7408    7408    7408 6893.02 5896.06
2028 6903.03 7053.05 7236.91    7408    7408    7408    7408    7408    7408    7408 6893.02 5896.06
2029 6903.03 7053.05 7236.91    7408    7408    7408    7408    7408    7408    7408 6893.02 5896.06
2030 6903.03 7053.05 7236.91    7408    7408    7408    7408    7408    7408    7408 6893.02 5896.06
2031 6903.03 7053.05 7236.91    7408    7408    7408    7408    7408    7408    7408 6893.02 5896.06
2032 6903.03 7053.05 7236.91    7408    7408    7408    7408    7408    7408    7408 6893.02 5896.06
2033 6903.03 7053.05 7236.91    7408    7408    7408    7408    7408    7408    7408 6893.02 5896.06
2034 6903.03 7053.05 7236.91    7408    7408    7408    7408    7408    7408    7408 6893.02 5896.06
2035 6903.03 7053.05 7236.91    7408    7408    7408    7408    7408    7408    7408 6893.02 5896.06
2036 6903.03 7053.05 7236.91    7408    7408    7408    7408    7408    7408    7408 6893.02 5896.06
2037 6903.03 7053.05 7236.91    7408    7408    7408    7408    7408    7408    7408 6893.02 5896.06
2038 6903.03 7053.05 7236.91    7408    7408    7408    7408    7408    7408    7408 6893.02 5896.06
2039 6903.03 7053.05 7236.91    7408    7408    7408    7408    7408    7408    7408 6893.02 5896.06
2040 6903.03 7053.05 7236.91    7408    7408    7408    7408    7408    7408    7408 6893.02 5896.06
2041 6903.03 7053.05 7236.91    7408    7408    7408    7408    7408    7408    7408 6893.02 5896.06
2042 6903.03 7053.05 7236.91    7408    7408    7408    7408    7408    7408    7408 6893.02 5896.06
**** Planta:   43 TRES IRMAOS 
A~no ......1 ......2 ......3 ......4 ......5 ......6 ......7 ......8 ......9 .....10 .....11 .....12
2021 11624.1 12114.5 12765.3   13372   13372   13372   13372   13372   13372   13372 11594.7 11498.5
2022 11624.1 12114.5 12765.3   13372   13372   13372   13372   13372   13372   13372 11594.7 11498.5
2023 11624.1 12114.5 12765.3   13372   13372   13372   13372   13372   13372   13372 11594.7 11498.5
2024 11624.1 12114.5 12765.3   13372   13372   13372   13372   13372   13372   13372 11594.7 11498.5
2025 11624.1 12114.5 12765.3   13372   13372   13372   13372   13372   13372   13372 11594.7 11498.5
2026 11624.1 12114.5 12765.3   13372   13372   13372   13372   13372   13372   13372 11594.7 11498.5
2027 11624.1 12114.5 12765.3   13372   13372   13372   13372   13372   13372   13372 11594.7 11498.5
2028 11624.1 12114.5 12765.3   13372   13372   13372   13372   13372   13372   13372 11594.7 11498.5
2029 11624.1 12114.5 12765.3   13372   13372   13372   13372   13372   13372   13372 11594.7 11498.5
2030 11624.1 12114.5 12765.3   13372   13372   13372   13372   13372   13372   13372 11594.7 11498.5
2031 11624.1 12114.5 12765.3   13372   13372   13372   13372   13372   13372   13372 11594.7 11498.5
2032 11624.1 12114.5 12765.3   13372   13372   13372   13372   13372   13372   13372 11594.7 11498.5
2033 11624.1 12114.5 12765.3   13372   13372   13372   13372   13372   13372   13372 11594.7 11498.5
2034 11624.1 12114.5 12765.3   13372   13372   13372   13372   13372   13372   13372 11594.7 11498.5
2035 11624.1 12114.5 12765.3   13372   13372   13372   13372   13372   13372   13372 11594.7 11498.5
2036 11624.1 12114.5 12765.3   13372   13372   13372   13372   13372   13372   13372 11594.7 11498.5
2037 11624.1 12114.5 12765.3   13372   13372   13372   13372   13372   13372   13372 11594.7 11498.5
2038 11624.1 12114.5 12765.3   13372   13372   13372   13372   13372   13372   13372 11594.7 11498.5
2039 11624.1 12114.5 12765.3   13372   13372   13372   13372   13372   13372   13372 11594.7 11498.5
2040 11624.1 12114.5 12765.3   13372   13372   13372   13372   13372   13372   13372 11594.7 11498.5
2041 11624.1 12114.5 12765.3   13372   13372   13372   13372   13372   13372   13372 11594.7 11498.5
2042 11624.1 12114.5 12765.3   13372   13372   13372   13372   13372   13372   13372 11594.7 11498.5
**** Planta:   47 A.A. LAYDNER
A~no ......1 ......2 ......3 ......4 ......5 ......6 ......7 ......8 ......9 .....10 .....11 .....12
2021 6508.56 6616.17 6834.56 6638.01 6551.61 6681.37 6768.73 6768.73 6768.73 6878.87 6703.21 6530.09
2022 6508.56 6616.17 6834.56 6638.01 6551.61 6681.37 6768.73 6768.73 6768.73 6878.87 6703.21 6530.09
2023 6508.56 6616.17 6834.56 6638.01 6551.61 6681.37 6768.73 6768.73 6768.73 6878.87 6703.21 6530.09
2024 6508.56 6616.17 6834.56 6638.01 6551.61 6681.37 6768.73 6768.73 6768.73 6878.87 6703.21 6530.09
2025 6508.56 6616.17 6834.56 6638.01 6551.61 6681.37 6768.73 6768.73 6768.73 6878.87 6703.21 6530.09
2026 6508.56 6616.17 6834.56 6638.01 6551.61 6681.37 6768.73 6768.73 6768.73 6878.87 6703.21 6530.09
2027 6508.56 6616.17 6834.56 6638.01 6551.61 6681.37 6768.73 6768.73 6768.73 6878.87 6703.21 6530.09
2028 6508.56 6616.17 6834.56 6638.01 6551.61 6681.37 6768.73 6768.73 6768.73 6878.87 6703.21 6530.09
2029 6508.56 6616.17 6834.56 6638.01 6551.61 6681.37 6768.73 6768.73 6768.73 6878.87 6703.21 6530.09
2030 6508.56 6616.17 6834.56 6638.01 6551.61 6681.37 6768.73 6768.73 6768.73 6878.87 6703.21 6530.09
2031 6508.56 6616.17 6834.56 6638.01 6551.61 6681.37 6768.73 6768.73 6768.73 6878.87 6703.21 6530.09
2032 6508.56 6616.17 6834.56 6638.01 6551.61 6681.37 6768.73 6768.73 6768.73 6878.87 6703.21 6530.09
2033 6508.56 6616.17 6834.56 6638.01 6551.61 6681.37 6768.73 6768.73 6768.73 6878.87 6703.21 6530.09
2034 6508.56 6616.17 6834.56 6638.01 6551.61 6681.37 6768.73 6768.73 6768.73 6878.87 6703.21 6530.09
2035 6508.56 6616.17 6834.56 6638.01 6551.61 6681.37 6768.73 6768.73 6768.73 6878.87 6703.21 6530.09
2036 6508.56 6616.17 6834.56 6638.01 6551.61 6681.37 6768.73 6768.73 6768.73 6878.87 6703.21 6530.09
2037 6508.56 6616.17 6834.56 6638.01 6551.61 6681.37 6768.73 6768.73 6768.73 6878.87 6703.21 6530.09
2038 6508.56 6616.17 6834.56 6638.01 6551.61 6681.37 6768.73 6768.73 6768.73 6878.87 6703.21 6530.09
2039 6508.56 6616.17 6834.56 6638.01 6551.61 6681.37 6768.73 6768.73 6768.73 6878.87 6703.21 6530.09
2040 6508.56 6616.17 6834.56 6638.01 6551.61 6681.37 6768.73 6768.73 6768.73 6878.87 6703.21 6530.09
2041 6508.56 6616.17 6834.56 6638.01 6551.61 6681.37 6768.73 6768.73 6768.73 6878.87 6703.21 6530.09
2042 6508.56 6616.17 6834.56 6638.01 6551.61 6681.37 6768.73 6768.73 6768.73 6878.87 6703.21 6530.09
**** Planta:   49 CHAVANTES   
A~no ......1 ......2 ......3 ......4 ......5 ......6 ......7 ......8 ......9 .....10 .....11 .....12
2021  8208.7 8596.42 8755.16 8557.19 8439.81 8479.04 8655.72 8655.72 8576.96 8656.64 8420.65 8189.84
2022  8208.7 8596.42 8715.33 8557.19 8439.81 8479.04 8655.72 8655.72 8576.96 8656.64 8420.65 8189.84
2023  8208.7 8596.42 8715.33 8557.19 8439.81 8479.04 8655.72 8655.72 8576.96 8656.64 8420.65 8189.84
2024  8208.7 8596.42 8715.33 8557.19 8439.81 8479.04 8655.72 8655.72 8576.96 8656.64 8420.65 8189.84
2025  8208.7 8596.42 8715.33 8557.19 8439.81 8479.04 8655.72 8655.72 8576.96 8656.64 8420.65 8189.84
2026  8208.7 8596.42 8715.33 8557.19 8439.81 8479.04 8655.72 8655.72 8576.96 8656.64 8420.65 8189.84
2027  8208.7 8596.42 8715.33 8557.19 8439.81 8479.04 8655.72 8655.72 8576.96 8656.64 8420.65 8189.84
2028  8208.7 8596.42 8715.33 8557.19 8439.81 8479.04 8655.72 8655.72 8576.96 8656.64 8420.65 8189.84
2029  8208.7 8596.42 8715.33 8557.19 8439.81 8479.04 8655.72 8655.72 8576.96 8656.64 8420.65 8189.84
2030  8208.7 8596.42 8715.33 8557.19 8439.81 8479.04 8655.72 8655.72 8576.96 8656.64 8420.65 8189.84
2031  8208.7 8596.42 8715.33 8557.19 8439.81 8479.04 8655.72 8655.72 8576.96 8656.64 8420.65 8189.84
2032  8208.7 8596.42 8715.33 8557.19 8439.81 8479.04 8655.72 8655.72 8576.96 8656.64 8420.65 8189.84
2033  8208.7 8596.42 8715.33 8557.19 8439.81 8479.04 8655.72 8655.72 8576.96 8656.64 8420.65 8189.84
2034  8208.7 8596.42 8715.33 8557.19 8439.81 8479.04 8655.72 8655.72 8576.96 8656.64 8420.65 8189.84
2035  8208.7 8596.42 8715.33 8557.19 8439.81 8479.04 8655.72 8655.72 8576.96 8656.64 8420.65 8189.84
2036  8208.7 8596.42 8715.33 8557.19 8439.81 8479.04 8655.72 8655.72 8576.96 8656.64 8420.65 8189.84
2037  8208.7 8596.42 8715.33 8557.19 8439.81 8479.04 8655.72 8655.72 8576.96 8656.64 8420.65 8189.84
2038  8208.7 8596.42 8715.33 8557.19 8439.81 8479.04 8655.72 8655.72 8576.96 8656.64 8420.65 8189.84
2039  8208.7 8596.42 8715.33 8557.19 8439.81 8479.04 8655.72 8655.72 8576.96 8656.64 8420.65 8189.84
2040  8208.7 8596.42 8715.33 8557.19 8439.81 8479.04 8655.72 8655.72 8576.96 8656.64 8420.65 8189.84
2041  8208.7 8596.42 8715.33 8557.19 8439.81 8479.04 8655.72 8655.72 8576.96 8656.64 8420.65 8189.84
2042  8208.7 8596.42 8715.33 8557.19 8439.81 8479.04 8655.72 8655.72 8576.96 8656.64 8420.65 8189.84
**** Planta:   61 CAPIVARA    
A~no ......1 ......2 ......3 ......4 ......5 ......6 ......7 ......8 ......9 .....10 .....11 .....12
2021 9589.82 10008.8 10315.1   10540   10540   10540   10540   10540   10540   10540 10470.2 9723.76
2022 9589.82 10008.8 10315.1   10540   10540   10540   10540   10540   10540   10540 10470.2 9723.76
2023 9589.82 10008.8 10315.1   10540   10540   10540   10540   10540   10540   10540 10470.2 9723.76
2024 9589.82 10008.8 10315.1   10540   10540   10540   10540   10540   10540   10540 10470.2 9723.76
2025 9589.82 10008.8 10315.1   10540   10540   10540   10540   10540   10540   10540 10470.2 9723.76
2026 9589.82 10008.8 10315.1   10540   10540   10540   10540   10540   10540   10540 10470.2 9723.76
2027 9589.82 10008.8 10315.1   10540   10540   10540   10540   10540   10540   10540 10470.2 9723.76
2028 9589.82 10008.8 10315.1   10540   10540   10540   10540   10540   10540   10540 10470.2 9723.76
2029 9589.82 10008.8 10315.1   10540   10540   10540   10540   10540   10540   10540 10470.2 9723.76
2030 9589.82 10008.8 10315.1   10540   10540   10540   10540   10540   10540   10540 10470.2 9723.76
2031 9589.82 10008.8 10315.1   10540   10540   10540   10540   10540   10540   10540 10470.2 9723.76
2032 9589.82 10008.8 10315.1   10540   10540   10540   10540   10540   10540   10540 10470.2 9723.76
2033 9589.82 10008.8 10315.1   10540   10540   10540   10540   10540   10540   10540 10470.2 9723.76
2034 9589.82 10008.8 10315.1   10540   10540   10540   10540   10540   10540   10540 10470.2 9723.76
2035 9589.82 10008.8 10315.1   10540   10540   10540   10540   10540   10540   10540 10470.2 9723.76
2036 9589.82 10008.8 10315.1   10540   10540   10540   10540   10540   10540   10540 10470.2 9723.76
2037 9589.82 10008.8 10315.1   10540   10540   10540   10540   10540   10540   10540 10470.2 9723.76
2038 9589.82 10008.8 10315.1   10540   10540   10540   10540   10540   10540   10540 10470.2 9723.76
2039 9589.82 10008.8 10315.1   10540   10540   10540   10540   10540   10540   10540 10470.2 9723.76
2040 9589.82 10008.8 10315.1   10540   10540   10540   10540   10540   10540   10540 10470.2 9723.76
2041 9589.82 10008.8 10315.1   10540   10540   10540   10540   10540   10540   10540 10470.2 9723.76
2042 9589.82 10008.8 10315.1   10540   10540   10540   10540   10540   10540   10540 10470.2 9723.76
