**** Fuel:    211 Gas         
Year .....01 .....02 .....03 .....04 .....05 .....06 .....07 .....08 .....09 .....10 .....11 .....12
2021   224.6   224.6   224.6   224.6   224.6   224.6   224.6   224.6   224.6   98.82   98.82   98.82
2022   98.82   98.82   98.82   98.82   98.82   98.82   98.82   98.82   98.82   98.82   98.82   98.82
2023   98.82   98.82   98.82   98.82   98.82   98.82   98.82   98.82   98.82   98.82   98.82   98.82
2024   98.82   98.82   98.82   98.82   98.82   98.82   98.82   98.82   98.82   98.82   98.82   98.82
2025   98.82   98.82   98.82   98.82   98.82   98.82   98.82   98.82   98.82   98.82   98.82   98.82
**** Fuel:     97 Gas         
Year .....01 .....02 .....03 .....04 .....05 .....06 .....07 .....08 .....09 .....10 .....11 .....12
2021  353.47  353.47  353.47  353.47  353.47  353.47  353.47  353.47  353.47  353.47  353.47  353.47
2022  353.47  353.47  353.47  353.47  353.47  353.47  353.47  353.47  353.47  353.47  353.47  353.47
2023  353.47  353.47  353.47  353.47  353.47  353.47  353.47  353.47  353.47  353.47  353.47  353.47
2024  353.47  353.47  353.47  353.47  353.47  353.47  353.47  353.47  353.47  353.47  353.47  353.47
2025  178.27  178.27  178.27  178.27  178.27  178.27  178.27  178.27  178.27  178.27  178.27  178.27
**** Fuel:     12 Gas         
Year .....01 .....02 .....03 .....04 .....05 .....06 .....07 .....08 .....09 .....10 .....11 .....12
2021  701.88  701.88  701.88  701.88  701.88  701.88  701.88  701.88  701.88  701.88  701.88  701.88
2022  701.88  701.88  701.88  701.88       0       0       0       0       0       0       0       0
2023       0       0       0       0       0       0       0       0       0       0       0       0
2024       0       0       0       0       0       0       0       0       0       0       0       0
2025       0       0       0       0       0       0       0       0       0       0       0       0
**** Fuel:    183 Residuos I  
Year .....01 .....02 .....03 .....04 .....05 .....06 .....07 .....08 .....09 .....10 .....11 .....12
2021  204.22  204.22  204.22  204.22  204.22  204.22  204.22  204.22  204.31  204.31  204.31  204.31
2022  204.31  204.31  204.31  204.31  204.31  204.31  204.31  204.31  204.31  204.31  204.31  204.31
2023  204.31  204.31  204.31  204.31  204.31  204.31  204.31  204.31  204.31  204.31  204.31  204.31
2024  204.31  204.31  204.31  204.31  204.31  204.31  204.31  204.31  204.31  204.31  204.31  204.31
2025  204.31  204.31  204.31  204.31  204.31  204.31  204.31  204.31  204.31  204.31  204.31  204.31
**** Fuel:     63 Gas         
Year .....01 .....02 .....03 .....04 .....05 .....06 .....07 .....08 .....09 .....10 .....11 .....12
2021  650.77  650.77  650.77  650.77  650.77  650.77  650.77  650.77  650.77  261.78  261.78  261.78
2022  261.78  261.78  261.78  261.78  261.78  261.78  261.78  261.78  261.78  261.78  261.78  261.78
2023  261.78  261.78  261.78  261.78  261.78  261.78  261.78  261.78  261.78  261.78  261.78  261.78
2024  261.78  261.78  261.78  261.78  261.78  261.78  261.78  261.78  261.78  261.78  261.78  261.78
2025  261.78  261.78  261.78  261.78  261.78  261.78  261.78  261.78  261.78  261.78  261.78  261.78
**** Fuel:     15 GNL         
Year .....01 .....02 .....03 .....04 .....05 .....06 .....07 .....08 .....09 .....10 .....11 .....12
2021  348.84  348.84  348.84  348.84  348.84  348.84  348.84  348.84  348.84  348.84  348.84  263.15
2022  263.15  263.15  263.15  263.15  263.15  263.15  263.15  263.15  263.15  263.15  263.15  263.15
2023  263.15  263.15  263.15  263.15  263.15  263.15  263.15  263.15  263.15  263.15  263.15  263.15
2024  263.15  263.15  263.15  263.15  263.15  263.15  263.15  263.15  263.15  263.15  263.15  263.15
2025  263.15  263.15  263.15  263.15  263.15  263.15  263.15  263.15  263.15  263.15  263.15  263.15
**** Fuel:    110 Gas         
Year .....01 .....02 .....03 .....04 .....05 .....06 .....07 .....08 .....09 .....10 .....11 .....12
2021  548.04  548.04  548.04  548.04  548.04  548.04  548.04  548.04  548.04  548.04  548.04  548.04
2022  548.04  548.04  548.04  548.04  548.04  548.04  548.04  548.04  548.04  548.04  548.04  548.04
2023  548.04  548.04  548.04  548.04  548.04  548.04  548.04  548.04  548.04  548.04  548.04  548.04
2024  548.04  548.04  548.04  548.04  548.04  548.04  548.04  548.04  548.04  548.04  548.04  548.04
2025  593.41  593.41  593.41  593.41  593.41  593.41  593.41  593.41  593.41  593.41  593.41  593.41
**** Fuel:    229 Biomassa    
Year .....01 .....02 .....03 .....04 .....05 .....06 .....07 .....08 .....09 .....10 .....11 .....12
2021  112.47  112.47  112.47  112.47  112.47  112.47  112.47  112.47  112.47   92.21   92.21   92.21
2022   92.21   92.21   92.21   92.21   92.21   92.21   92.21   92.21   92.21   92.21   92.21   92.21
2023   92.21   92.21   92.21   92.21   92.21   92.21   92.21   92.21   92.21   92.21   92.21   92.21
2024   92.21   92.21   92.21   92.21   92.21   92.21   92.21   92.21   92.21   92.21   92.21   92.21
2025   92.21   92.21   92.21   92.21   92.21   92.21   92.21   92.21   92.21   92.21   92.21   92.21
**** Fuel:    230 Biomassa    
Year .....01 .....02 .....03 .....04 .....05 .....06 .....07 .....08 .....09 .....10 .....11 .....12
2021  158.95  158.95  158.95  158.95  158.95  158.95  158.95  158.95  158.95  129.56  129.56  129.56
2022  129.56  129.56  129.56  129.56  129.56  129.56  129.56  129.56  129.56  129.56  129.56  129.56
2023  129.56  129.56  129.56  129.56  129.56  129.56  129.56  129.56  129.56  129.56  129.56  129.56
2024  129.56  129.56  129.56  129.56  129.56  129.56  129.56  129.56  129.56  129.56  129.56  129.56
2025  129.56  129.56  129.56  129.56  129.56  129.56  129.56  129.56  129.56  129.56  129.56  129.56
**** Fuel:     86 GNL         
Year .....01 .....02 .....03 .....04 .....05 .....06 .....07 .....08 .....09 .....10 .....11 .....12
2021  227.91  227.91  227.91  227.91  227.91  227.91  227.91  227.91  227.91  227.91  227.91  174.17
2022  174.17  174.17  174.17  174.17  174.17  174.17  174.17  174.17  174.17  174.17  174.17  174.17
2023  174.17  174.17  174.17  174.17  174.17  174.17  174.17  174.17  174.17  174.17  174.17  174.17
2024  174.17  174.17  174.17  174.17  174.17  174.17  174.17  174.17  174.17  174.17  174.17  174.17
2025  174.17  174.17  174.17  174.17  174.17  174.17  174.17  174.17  174.17  174.17  174.17  174.17
**** Fuel:    146 Biomassa    
Year .....01 .....02 .....03 .....04 .....05 .....06 .....07 .....08 .....09 .....10 .....11 .....12
2021  121.49  121.49  121.49  121.49  121.49  121.49  121.49  121.49  121.49      90      90      90
2022      90      90      90      90      90      90      90      90      90      90      90      90
2023      90      90      90      90      90      90      90      90      90      90      90      90
2024      90      90      90      90      90      90      90      90      90      90      90      90
2025      90      90      90      90      90      90      90      90      90      90      90      90
**** Fuel:     49 Oleo        
Year .....01 .....02 .....03 .....04 .....05 .....06 .....07 .....08 .....09 .....10 .....11 .....12
2021  920.04  920.04  920.04  920.04  920.04  920.04  920.04  920.04  920.04  738.36  738.36  738.36
2022  738.36  738.36  738.36  738.36  738.36  738.36  738.36  738.36  738.36  738.36  738.36  738.36
2023  738.36  738.36  738.36  738.36  738.36  738.36  738.36  738.36  738.36  738.36  738.36  738.36
2024  738.36  738.36  738.36  738.36  738.36  738.36  738.36  738.36  738.36  738.36  738.36  738.36
2025  738.36  738.36  738.36  738.36  738.36  738.36  738.36  738.36  738.36  738.36  738.36  738.36
**** Fuel:    334 Gas         
Year .....01 .....02 .....03 .....04 .....05 .....06 .....07 .....08 .....09 .....10 .....11 .....12
2021 2075.36 2075.36 2075.36 2075.36 2075.36 2075.36 2075.36 2075.36 2075.36       0       0       0
2022       0       0       0       0       0       0       0       0       0       0       0       0
2023       0       0       0       0       0       0       0       0       0       0       0       0
2024       0       0       0       0       0       0       0       0       0       0       0       0
2025       0       0       0       0       0       0       0       0       0       0       0       0
