**** Planta:  201                                0
A~no Blk ......1 ......2 ......3 ......4 ......5 ......6 ......7 ......8 ......9 .....10 .....11 .....12
2021   1                                                              75      75      75      75      75
2021   2                                                              75      75      75      75      75
2021   3                                                              75      75      75      75      75
2022   1      75      75      75      75      75      75      75      75      75      75      75      75
2022   2      75      75      75      75      75      75      75      75      75      75      75      75
2022   3      75      75      75      75      75      75      75      75      75      75      75      75
2023   1      75      75      75      75      75      75      75      75      75      75      75      75
2023   2      75      75      75      75      75      75      75      75      75      75      75      75
2023   3      75      75      75      75      75      75      75      75      75      75      75      75
2024   1      75      75      75      75      75      75      75      75      75      75      75      75
2024   2      75      75      75      75      75      75      75      75      75      75      75      75
2024   3      75      75      75      75      75      75      75      75      75      75      75      75
2025   1      75      75      75      75      75      75      75   88.25  115.83  115.83   88.23      75
2025   2      75      75      75      75      75      75      75   88.25  115.83  115.83   88.23      75
2025   3      75      75      75      75      75      75      75   88.25  115.83  115.83   88.23      75
**** Planta:  203                                0
A~no Blk ......1 ......2 ......3 ......4 ......5 ......6 ......7 ......8 ......9 .....10 .....11 .....12
2021   1                                                           64.99   64.99   64.99   64.99   64.99
2021   2                                                           64.99   64.99   64.99   64.99   64.99
2021   3                                                           64.99   64.99   64.99   64.99   64.99
2022   1      67      67      67      67      67      67      67      67      67      67      67      67
2022   2      67      67      67      67      67      67      67      67      67      67      67      67
2022   3      67      67      67      67      67      67      67      67      67      67      67      67
2023   1      67      67      67      67      67      67      67      67      67      67      67      67
2023   2      67      67      67      67      67      67      67      67      67      67      67      67
2023   3      67      67      67      67      67      67      67      67      67      67      67      67
2024   1      67      67      67      67      67      67      67      67      67      67      67      67
2024   2      67      67      67      67      67      67      67      67      67      67      67      67
2024   3      67      67      67      67      67      67      67      67      67      67      67      67
2025   1      67      67      67      67      67       0       0       0       0       0       0       0
2025   2      67      67      67      67      67       0       0       0       0       0       0       0
2025   3      67      67      67      67      67       0       0       0       0       0       0       0
**** Planta:   73                                0
A~no Blk ......1 ......2 ......3 ......4 ......5 ......6 ......7 ......8 ......9 .....10 .....11 .....12
2021   1                                                               0       0       0       0       0
2021   2                                                               0       0       0       0       0
2021   3                                                               0       0       0       0       0
2022   1       0       0       0       0       0       0       0       0       0       0       0       0
2022   2       0       0       0       0       0       0       0       0       0       0       0       0
2022   3       0       0       0       0       0       0       0       0       0       0       0       0
2023   1       0       0       0       0       0       0       0       0       0       0       0       0
2023   2       0       0       0       0       0       0       0       0       0       0       0       0
2023   3       0       0       0       0       0       0       0       0       0       0       0       0
2024   1       0       0       0       0       0       0       0       0       0       0       0       0
2024   2       0       0       0       0       0       0       0       0       0       0       0       0
2024   3       0       0       0       0       0       0       0       0       0       0       0       0
2025   1       0       0       0       0       0       0       0       0       0       0       0       0
2025   2       0       0       0       0       0       0       0       0       0       0       0       0
2025   3       0       0       0       0       0       0       0       0       0       0       0       0
**** Planta:   70                                0
A~no Blk ......1 ......2 ......3 ......4 ......5 ......6 ......7 ......8 ......9 .....10 .....11 .....12
2021   1                                                               0       0       0       0       0
2021   2                                                               0       0       0       0       0
2021   3                                                               0       0       0       0       0
2022   1       0       0       0       0       0       0       0       0       0       0       0       0
2022   2       0       0       0       0       0       0       0       0       0       0       0       0
2022   3       0       0       0       0       0       0       0       0       0       0       0       0
2023   1       0       0       0       0       0       0       0       0       0       0       0       0
2023   2       0       0       0       0       0       0       0       0       0       0       0       0
2023   3       0       0       0       0       0       0       0       0       0       0       0       0
2024   1       0       0       0       0       0       0       0       0       0       0       0       0
2024   2       0       0       0       0       0       0       0       0       0       0       0       0
2024   3       0       0       0       0       0       0       0       0       0       0       0       0
2025   1       0       0       0       0       0       0       0       0       0       0       0       0
2025   2       0       0       0       0       0       0       0       0       0       0       0       0
2025   3       0       0       0       0       0       0       0       0       0       0       0       0
**** Planta:  204                                0
A~no Blk ......1 ......2 ......3 ......4 ......5 ......6 ......7 ......8 ......9 .....10 .....11 .....12
2021   1                                                              63      63      63      63      63
2021   2                                                              63      63      63      63      63
2021   3                                                              63      63      63      63      63
2022   1      63      63      63      63      63      63      63      63      63      63      63      63
2022   2      63      63      63      63      63      63      63      63      63      63      63      63
2022   3      63      63      63      63      63      63      63      63      63      63      63      63
2023   1      63      63      63      63      63      63      63      63      63      63      63      63
2023   2      63      63      63      63      63      63      63      63      63      63      63      63
2023   3      63      63      63      63      63      63      63      63      63      63      63      63
2024   1      63      63      63      63      63      63      63      63      63      63      63      63
2024   2      63      63      63      63      63      63      63      63      63      63      63      63
2024   3      63      63      63      63      63      63      63      63      63      63      63      63
2025   1      63      63      63      63      63      63      63      63      63      63      63      63
2025   2      63      63      63      63      63      63      63      63      63      63      63      63
2025   3      63      63      63      63      63      63      63      63      63      63      63      63
**** Planta:  205                                0
A~no Blk ......1 ......2 ......3 ......4 ......5 ......6 ......7 ......8 ......9 .....10 .....11 .....12
2021   1                                                            64.5    64.5    64.5    64.5    64.5
2021   2                                                            64.5    64.5    64.5    64.5    64.5
2021   3                                                            64.5    64.5    64.5    64.5    64.5
2022   1    64.5    64.5    64.5    64.5    64.5    64.5    64.5    64.5    64.5    64.5    64.5    64.5
2022   2    64.5    64.5    64.5    64.5    64.5    64.5    64.5    64.5    64.5    64.5    64.5    64.5
2022   3    64.5    64.5    64.5    64.5    64.5    64.5    64.5    64.5    64.5    64.5    64.5    64.5
2023   1    64.5    64.5    64.5    64.5    64.5    64.5    64.5    64.5    64.5    64.5    64.5    64.5
2023   2    64.5    64.5    64.5    64.5    64.5    64.5    64.5    64.5    64.5    64.5    64.5    64.5
2023   3    64.5    64.5    64.5    64.5    64.5    64.5    64.5    64.5    64.5    64.5    64.5    64.5
2024   1    64.5    64.5    64.5    64.5    64.5    64.5    64.5    64.5    64.5    64.5    64.5    64.5
2024   2    64.5    64.5    64.5    64.5    64.5    64.5    64.5    64.5    64.5    64.5    64.5    64.5
2024   3    64.5    64.5    64.5    64.5    64.5    64.5    64.5    64.5    64.5    64.5    64.5    64.5
2025   1    64.5    64.5    64.5    64.5    64.5    64.5    64.5    64.5    64.5    64.5    64.5    64.5
2025   2    64.5    64.5    64.5    64.5    64.5    64.5    64.5    64.5    64.5    64.5    64.5    64.5
2025   3    64.5    64.5    64.5    64.5    64.5    64.5    64.5    64.5    64.5    64.5    64.5    64.5
**** Planta:  436                                0
A~no Blk ......1 ......2 ......3 ......4 ......5 ......6 ......7 ......8 ......9 .....10 .....11 .....12
2021   1                                                               0       0       0       0       0
2021   2                                                               0       0       0       0       0
2021   3                                                               0       0       0       0       0
2022   1       0       0       0       0       0       0       0       0       0       0       0       0
2022   2       0       0       0       0       0       0       0       0       0       0       0       0
2022   3       0       0       0       0       0       0       0       0       0       0       0       0
2023   1       0       0       0       0       0       0       0       0       0       0       0       0
2023   2       0       0       0       0       0       0       0       0       0       0       0       0
2023   3       0       0       0       0       0       0       0       0       0       0       0       0
2024   1       0       0       0       0       0       0       0       0       0       0       0       0
2024   2       0       0       0       0       0       0       0       0       0       0       0       0
2024   3       0       0       0       0       0       0       0       0       0       0       0       0
2025   1       0       0       0       0       0       0       0       0       0       0       0       0
2025   2       0       0       0       0       0       0       0       0       0       0       0       0
2025   3       0       0       0       0       0       0       0       0       0       0       0       0
**** Planta:  437                                0
A~no Blk ......1 ......2 ......3 ......4 ......5 ......6 ......7 ......8 ......9 .....10 .....11 .....12
2021   1                                                               0       0       0       0       0
2021   2                                                               0       0       0       0       0
2021   3                                                               0       0       0       0       0
2022   1       0       0       0       0       0       0       0       0       0       0       0       0
2022   2       0       0       0       0       0       0       0       0       0       0       0       0
2022   3       0       0       0       0       0       0       0       0       0       0       0       0
2023   1       0       0       0       0       0       0       0       0       0       0       0       0
2023   2       0       0       0       0       0       0       0       0       0       0       0       0
2023   3       0       0       0       0       0       0       0       0       0       0       0       0
2024   1       0       0       0       0       0       0       0       0       0       0       0       0
2024   2       0       0       0       0       0       0       0       0       0       0       0       0
2024   3       0       0       0       0       0       0       0       0       0       0       0       0
2025   1       0       0       0       0       0       0       0       0       0       0       0       0
2025   2       0       0       0       0       0       0       0       0       0       0       0       0
2025   3       0       0       0       0       0       0       0       0       0       0       0       0
**** Planta:  421                                0
A~no Blk ......1 ......2 ......3 ......4 ......5 ......6 ......7 ......8 ......9 .....10 .....11 .....12
2021   1                                                               0       0       0       0       0
2021   2                                                               0       0       0       0       0
2021   3                                                               0       0       0       0       0
2022   1       0       0       0       0       0       0       0       0       0       0       0       0
2022   2       0       0       0       0       0       0       0       0       0       0       0       0
2022   3       0       0       0       0       0       0       0       0       0       0       0       0
2023   1       0       0       0       0       0       0       0       0       0       0       0       0
2023   2       0       0       0       0       0       0       0       0       0       0       0       0
2023   3       0       0       0       0       0       0       0       0       0       0       0       0
2024   1       0       0       0       0       0       0       0       0       0       0       0       0
2024   2       0       0       0       0       0       0       0       0       0       0       0       0
2024   3       0       0       0       0       0       0       0       0       0       0       0       0
2025   1       0       0       0       0       0       0       0       0       0       0       0       0
2025   2       0       0       0       0       0       0       0       0       0       0       0       0
2025   3       0       0       0       0       0       0       0       0       0       0       0       0
**** Planta:  422                                0
A~no Blk ......1 ......2 ......3 ......4 ......5 ......6 ......7 ......8 ......9 .....10 .....11 .....12
2021   1                                                               0       0       0       0       0
2021   2                                                               0       0       0       0       0
2021   3                                                               0       0       0       0       0
2022   1       0       0       0       0       0       0       0       0       0       0       0       0
2022   2       0       0       0       0       0       0       0       0       0       0       0       0
2022   3       0       0       0       0       0       0       0       0       0       0       0       0
2023   1       0       0       0       0       0       0       0       0       0       0       0       0
2023   2       0       0       0       0       0       0       0       0       0       0       0       0
2023   3       0       0       0       0       0       0       0       0       0       0       0       0
2024   1       0       0       0       0       0       0       0       0       0       0       0       0
2024   2       0       0       0       0       0       0       0       0       0       0       0       0
2024   3       0       0       0       0       0       0       0       0       0       0       0       0
2025   1       0       0       0       0       0       0       0       0       0       0       0       0
2025   2       0       0       0       0       0       0       0       0       0       0       0       0
2025   3       0       0       0       0       0       0       0       0       0       0       0       0
**** Planta:  212                                0
A~no Blk ......1 ......2 ......3 ......4 ......5 ......6 ......7 ......8 ......9 .....10 .....11 .....12
2021   1                                                          482.04  482.04  482.04  482.04       0
2021   2                                                          482.04  482.04  482.04  482.04       0
2021   3                                                          482.04  482.04  482.04  482.04       0
2022   1       0       0       0       0       0  482.04  482.04  482.04  482.04  482.04  482.04       0
2022   2       0       0       0       0       0  482.04  482.04  482.04  482.04  482.04  482.04       0
2022   3       0       0       0       0       0  482.04  482.04  482.04  482.04  482.04  482.04       0
2023   1       0       0       0       0       0  482.04  482.04  482.04  482.04  482.04  482.04       0
2023   2       0       0       0       0       0  482.04  482.04  482.04  482.04  482.04  482.04       0
2023   3       0       0       0       0       0  482.04  482.04  482.04  482.04  482.04  482.04       0
2024   1       0       0       0       0       0  483.36  483.36  483.36  483.36  483.36  483.36       0
2024   2       0       0       0       0       0  483.36  483.36  483.36  483.36  483.36  483.36       0
2024   3       0       0       0       0       0  483.36  483.36  483.36  483.36  483.36  483.36       0
2025   1       0       0       0       0       0  482.04  482.04  482.04  482.04  482.04  482.04       0
2025   2       0       0       0       0       0  482.04  482.04  482.04  482.04  482.04  482.04       0
2025   3       0       0       0       0       0  482.04  482.04  482.04  482.04  482.04  482.04       0
**** Planta:   36                                0
A~no Blk ......1 ......2 ......3 ......4 ......5 ......6 ......7 ......8 ......9 .....10 .....11 .....12
2021   1                                                               0       0       0       0       0
2021   2                                                               0       0       0       0       0
2021   3                                                               0       0       0       0       0
2022   1       0       0       0       0       0       0       0       0       0       0       0       0
2022   2       0       0       0       0       0       0       0       0       0       0       0       0
2022   3       0       0       0       0       0       0       0       0       0       0       0       0
2023   1       0       0       0       0       0       0       0       0       0       0       0       0
2023   2       0       0       0       0       0       0       0       0       0       0       0       0
2023   3       0       0       0       0       0       0       0       0       0       0       0       0
2024   1       0       0       0       0       0       0       0       0       0       0       0       0
2024   2       0       0       0       0       0       0       0       0       0       0       0       0
2024   3       0       0       0       0       0       0       0       0       0       0       0       0
2025   1       0       0       0       0       0       0       0       0       0       0       0       0
2025   2       0       0       0       0       0       0       0       0       0       0       0       0
2025   3       0       0       0       0       0       0       0       0       0       0       0       0
**** Planta:   21                                0
A~no Blk ......1 ......2 ......3 ......4 ......5 ......6 ......7 ......8 ......9 .....10 .....11 .....12
2021   1                                                               0       0       0       0       0
2021   2                                                               0       0       0       0       0
2021   3                                                               0       0       0       0       0
2022   1       0       0       0       0       0       0       0       0       0       0       0       0
2022   2       0       0       0       0       0       0       0       0       0       0       0       0
2022   3       0       0       0       0       0       0       0       0       0       0       0       0
2023   1       0       0       0       0       0       0       0       0       0       0       0       0
2023   2       0       0       0       0       0       0       0       0       0       0       0       0
2023   3       0       0       0       0       0       0       0       0       0       0       0       0
2024   1       0       0       0       0       0       0       0       0       0       0       0       0
2024   2       0       0       0       0       0       0       0       0       0       0       0       0
2024   3       0       0       0       0       0       0       0       0       0       0       0       0
2025   1       0       0       0       0       0       0       0       0       0       0       0       0
2025   2       0       0       0       0       0       0       0       0       0       0       0       0
2025   3       0       0       0       0       0       0       0       0       0       0       0       0
**** Planta:  140                                0
A~no Blk ......1 ......2 ......3 ......4 ......5 ......6 ......7 ......8 ......9 .....10 .....11 .....12
2021   1                                                             264  367.72  394.45  369.51     264
2021   2                                                             264  367.72  394.45  369.51     264
2021   3                                                             264  367.72  394.45  369.51     264
2022   1     264     264  311.92  282.36     264     264  281.66   321.7  384.79  417.86  385.75     264
2022   2     264     264  311.92  282.36     264     264  281.66   321.7  384.79  417.86  385.75     264
2022   3     264     264  311.92  282.36     264     264  281.66   321.7  384.79  417.86  385.75     264
2023   1  277.01  265.33   337.6  298.33     264     264  317.79  367.98  417.89  412.67  358.79     264
2023   2  277.01  265.33   337.6  298.33     264     264  317.79  367.98  417.89  412.67  358.79     264
2023   3  277.01  265.33   337.6  298.33     264     264  317.79  367.98  417.89  412.67  358.79     264
2024   1  302.82     291  359.91  331.51  285.07  292.45  365.17  411.63  467.66  464.39  406.73  275.88
2024   2  302.82     291  359.91  331.51  285.07  292.45  365.17  411.63  467.66  464.39  406.73  275.88
2024   3  302.82     291  359.91  331.51  285.07  292.45  365.17  411.63  467.66  464.39  406.73  275.88
2025   1  342.38  333.25  403.07  371.72  312.86  387.23  462.08   493.7   493.7   493.7   493.7  371.33
2025   2  342.38  333.25  403.07  371.72  312.86  387.23  462.08   493.7   493.7   493.7   493.7  371.33
2025   3  342.38  333.25  403.07  371.72  312.86  387.23  462.08   493.7   493.7   493.7   493.7  371.33
**** Planta:  446                                0
A~no Blk ......1 ......2 ......3 ......4 ......5 ......6 ......7 ......8 ......9 .....10 .....11 .....12
2021   1                                                               0       0       0       0       0
2021   2                                                               0       0       0       0       0
2021   3                                                               0       0       0       0       0
2022   1       0       0       0       0       0       0       0       0       0       0       0       0
2022   2       0       0       0       0       0       0       0       0       0       0       0       0
2022   3       0       0       0       0       0       0       0       0       0       0       0       0
2023   1       0       0       0       0       0       0       0       0       0       0       0       0
2023   2       0       0       0       0       0       0       0       0       0       0       0       0
2023   3       0       0       0       0       0       0       0       0       0       0       0       0
2024   1       0       0       0       0       0       0       0       0       0       0       0       0
2024   2       0       0       0       0       0       0       0       0       0       0       0       0
2024   3       0       0       0       0       0       0       0       0       0       0       0       0
2025   1       0       0       0       0       0       0       0       0       0       0       0       0
2025   2       0       0       0       0       0       0       0       0       0       0       0       0
2025   3       0       0       0       0       0       0       0       0       0       0       0       0
**** Planta:  447                                0
A~no Blk ......1 ......2 ......3 ......4 ......5 ......6 ......7 ......8 ......9 .....10 .....11 .....12
2021   1                                                               0       0       0       0       0
2021   2                                                               0       0       0       0       0
2021   3                                                               0       0       0       0       0
2022   1       0       0       0       0       0       0       0       0       0       0       0       0
2022   2       0       0       0       0       0       0       0       0       0       0       0       0
2022   3       0       0       0       0       0       0       0       0       0       0       0       0
2023   1       0       0       0       0       0       0       0       0       0       0       0       0
2023   2       0       0       0       0       0       0       0       0       0       0       0       0
2023   3       0       0       0       0       0       0       0       0       0       0       0       0
2024   1       0       0       0       0       0       0       0       0       0       0       0       0
2024   2       0       0       0       0       0       0       0       0       0       0       0       0
2024   3       0       0       0       0       0       0       0       0       0       0       0       0
2025   1       0       0       0       0       0       0       0       0       0       0       0       0
2025   2       0       0       0       0       0       0       0       0       0       0       0       0
2025   3       0       0       0       0       0       0       0       0       0       0       0       0
**** Planta:   46                                0
A~no Blk ......1 ......2 ......3 ......4 ......5 ......6 ......7 ......8 ......9 .....10 .....11 .....12
2021   1                                                               0       0       0       0       0
2021   2                                                               0       0       0       0       0
2021   3                                                               0       0       0       0       0
2022   1       0       0       0       0       0       0       0       0       0       0       0       0
2022   2       0       0       0       0       0       0       0       0       0       0       0       0
2022   3       0       0       0       0       0       0       0       0       0       0       0       0
2023   1       0       0       0       0       0       0       0       0       0       0       0       0
2023   2       0       0       0       0       0       0       0       0       0       0       0       0
2023   3       0       0       0       0       0       0       0       0       0       0       0       0
2024   1       0       0       0       0       0       0       0       0       0       0       0       0
2024   2       0       0       0       0       0       0       0       0       0       0       0       0
2024   3       0       0       0       0       0       0       0       0       0       0       0       0
2025   1       0       0       0       0       0   79.84   81.08   81.08   81.08   81.08   81.08       0
2025   2       0       0       0       0       0   79.84   81.08   81.08   81.08   81.08   81.08       0
2025   3       0       0       0       0       0   79.84   81.08   81.08   81.08   81.08   81.08       0
**** Planta:  240                                0
A~no Blk ......1 ......2 ......3 ......4 ......5 ......6 ......7 ......8 ......9 .....10 .....11 .....12
2021   1                                                               0       0       0       0       0
2021   2                                                               0       0       0       0       0
2021   3                                                               0       0       0       0       0
2022   1       0       0       0       0       0       0       0       0       0       0       0       0
2022   2       0       0       0       0       0       0       0       0       0       0       0       0
2022   3       0       0       0       0       0       0       0       0       0       0       0       0
2023   1       0       0       0       0       0       0       0       0       0       0       0       0
2023   2       0       0       0       0       0       0       0       0       0       0       0       0
2023   3       0       0       0       0       0       0       0       0       0       0       0       0
2024   1       0       0       0       0       0       0       0       0       0       0       0       0
2024   2       0       0       0       0       0       0       0       0       0       0       0       0
2024   3       0       0       0       0       0       0       0       0       0       0       0       0
2025   1       0       0       0       0       0       0       0  580.83  580.83  580.83  580.83  580.83
2025   2       0       0       0       0       0       0       0  580.83  580.83  580.83  580.83  580.83
2025   3       0       0       0       0       0       0       0  580.83  580.83  580.83  580.83  580.83
**** Planta:  228                                0
A~no Blk ......1 ......2 ......3 ......4 ......5 ......6 ......7 ......8 ......9 .....10 .....11 .....12
2021   1                                                               0       0       0       0       0
2021   2                                                               0       0       0       0       0
2021   3                                                               0       0       0       0       0
2022   1       0       0       0       0       0       0       0       0       0       0       0       0
2022   2       0       0       0       0       0       0       0       0       0       0       0       0
2022   3       0       0       0       0       0       0       0       0       0       0       0       0
2023   1       0       0       0       0       0       0       0       0       0       0       0    2.25
2023   2       0       0       0       0       0       0       0       0       0       0       0    2.25
2023   3       0       0       0       0       0       0       0       0       0       0       0    2.25
2024   1    2.25    2.25    2.25    2.25    2.25    2.25    2.25    2.25    2.25    2.25    2.25    2.25
2024   2    2.25    2.25    2.25    2.25    2.25    2.25    2.25    2.25    2.25    2.25    2.25    2.25
2024   3    2.25    2.25    2.25    2.25    2.25    2.25    2.25    2.25    2.25    2.25    2.25    2.25
2025   1    2.25    2.25    2.25    2.25    2.25    2.25    2.25    2.25    2.25    2.25    2.25    2.25
2025   2    2.25    2.25    2.25    2.25    2.25    2.25    2.25    2.25    2.25    2.25    2.25    2.25
2025   3    2.25    2.25    2.25    2.25    2.25    2.25    2.25    2.25    2.25    2.25    2.25    2.25
**** Planta:  116                                0
A~no Blk ......1 ......2 ......3 ......4 ......5 ......6 ......7 ......8 ......9 .....10 .....11 .....12
2021   1                                                               0       0       0       0       0
2021   2                                                               0       0       0       0       0
2021   3                                                               0       0       0       0       0
2022   1       0       0       0       0       0       0       0       0       0       0       0       0
2022   2       0       0       0       0       0       0       0       0       0       0       0       0
2022   3       0       0       0       0       0       0       0       0       0       0       0       0
2023   1       0       0       0       0       0       0       0       0       0       0       0       0
2023   2       0       0       0       0       0       0       0       0       0       0       0       0
2023   3       0       0       0       0       0       0       0       0       0       0       0       0
2024   1       0       0       0       0       0       0       0       0       0       0       0       0
2024   2       0       0       0       0       0       0       0       0       0       0       0       0
2024   3       0       0       0       0       0       0       0       0       0       0       0       0
2025   1       0       0       0       0       0       0       0       0       0       0       0       0
2025   2       0       0       0       0       0       0       0       0       0       0       0       0
2025   3       0       0       0       0       0       0       0       0       0       0       0       0
**** Planta:  239                                0
A~no Blk ......1 ......2 ......3 ......4 ......5 ......6 ......7 ......8 ......9 .....10 .....11 .....12
2021   1                                                               0       0       0       0       0
2021   2                                                               0       0       0       0       0
2021   3                                                               0       0       0       0       0
2022   1       0       0       0       0       0       0       0       0       0       0       0       0
2022   2       0       0       0       0       0       0       0       0       0       0       0       0
2022   3       0       0       0       0       0       0       0       0       0       0       0       0
2023   1       0       0       0       0       0       0       0       0       0       0       0       0
2023   2       0       0       0       0       0       0       0       0       0       0       0       0
2023   3       0       0       0       0       0       0       0       0       0       0       0       0
2024   1       0       0       0       0       0       0       0       0       0       0       0       0
2024   2       0       0       0       0       0       0       0       0       0       0       0       0
2024   3       0       0       0       0       0       0       0       0       0       0       0       0
2025   1       0       0       0       0       0       0       0       0       0       0       0       0
2025   2       0       0       0       0       0       0       0       0       0       0       0       0
2025   3       0       0       0       0       0       0       0       0       0       0       0       0
**** Planta:  207                                0
A~no Blk ......1 ......2 ......3 ......4 ......5 ......6 ......7 ......8 ......9 .....10 .....11 .....12
2021   1                                                              64      64      64      64      64
2021   2                                                              64      64      64      64      64
2021   3                                                              64      64      64      64      64
2022   1      64      64      64      64      64      64      64      64      64      64      64      64
2022   2      64      64      64      64      64      64      64      64      64      64      64      64
2022   3      64      64      64      64      64      64      64      64      64      64      64      64
2023   1      64      64      64      64      64      64      64      64      64      64      64      64
2023   2      64      64      64      64      64      64      64      64      64      64      64      64
2023   3      64      64      64      64      64      64      64      64      64      64      64      64
2024   1      64      64      64      64      64      64      64      64      64      64      64      64
2024   2      64      64      64      64      64      64      64      64      64      64      64      64
2024   3      64      64      64      64      64      64      64      64      64      64      64      64
2025   1      64      64      64      64      64      64      64      64      64      64      64      64
2025   2      64      64      64      64      64      64      64      64      64      64      64      64
2025   3      64      64      64      64      64      64      64      64      64      64      64      64
**** Planta:  176                                0
A~no Blk ......1 ......2 ......3 ......4 ......5 ......6 ......7 ......8 ......9 .....10 .....11 .....12
2021   1                                                               0       0       0       0       0
2021   2                                                               0       0       0       0       0
2021   3                                                               0       0       0       0       0
2022   1       0       0       0       0       0       0       0       0       0       0       0       0
2022   2       0       0       0       0       0       0       0       0       0       0       0       0
2022   3       0       0       0       0       0       0       0       0       0       0       0       0
2023   1       0       0       0       0       0       0       0       0       0       0       0       0
2023   2       0       0       0       0       0       0       0       0       0       0       0       0
2023   3       0       0       0       0       0       0       0       0       0       0       0       0
2024   1       0       0       0       0       0       0       0       0       0       0       0       0
2024   2       0       0       0       0       0       0       0       0       0       0       0       0
2024   3       0       0       0       0       0       0       0       0       0       0       0       0
2025   1       0       0       0       0       0       0       0       0       0       0       0       0
2025   2       0       0       0       0       0       0       0       0       0       0       0       0
2025   3       0       0       0       0       0       0       0       0       0       0       0       0
**** Planta:  209                                0
A~no Blk ......1 ......2 ......3 ......4 ......5 ......6 ......7 ......8 ......9 .....10 .....11 .....12
2021   1                                                           62.99   62.99    62.7   62.99   62.99
2021   2                                                           62.99   62.99    62.7   62.99   62.99
2021   3                                                           62.99   62.99    62.7   62.99   62.99
2022   1      63      63      63      63      63      63      63      63      63      63      63      63
2022   2      63      63      63      63      63      63      63      63      63      63      63      63
2022   3      63      63      63      63      63      63      63      63      63      63      63      63
2023   1      63      63      63      63      63      63      63      63      63      63      63      63
2023   2      63      63      63      63      63      63      63      63      63      63      63      63
2023   3      63      63      63      63      63      63      63      63      63      63      63      63
2024   1      63      63      63      63      63      63      63      63      63      63      63      63
2024   2      63      63      63      63      63      63      63      63      63      63      63      63
2024   3      63      63      63      63      63      63      63      63      63      63      63      63
2025   1      63      63      63      63      63      63      63      63      63      63      63      63
2025   2      63      63      63      63      63      63      63      63      63      63      63      63
2025   3      63      63      63      63      63      63      63      63      63      63      63      63
**** Planta:  987                                0
A~no Blk ......1 ......2 ......3 ......4 ......5 ......6 ......7 ......8 ......9 .....10 .....11 .....12
2021   1                                                           82.96   79.04   87.99  105.49   112.1
2021   2                                                            85.4   81.48   90.74  107.63  114.43
2021   3                                                           86.42   81.95   90.73  107.32  114.72
2022   1  129.46  136.43  141.65  135.15  118.01  101.41   90.68   85.98   81.02   90.94  109.46  116.04
2022   2  130.06  137.97  144.11   135.6  118.77  104.41   93.14   88.46   83.48   93.78  111.66  118.43
2022   3   130.2  136.72  143.02  136.59  119.88  105.82   94.61   89.51   83.96   93.74  111.32   118.7
2023   1  129.47  136.43  141.65  135.12  118.01  101.41   90.68   85.98   80.98   90.98  109.46  115.98
2023   2  130.07  137.98  144.12  135.57  118.77  104.41   93.14   88.46   83.44   93.81  111.66  118.36
2023   3   130.2  136.72  143.02  136.57  119.88  105.82   94.61   89.51   83.92   93.78  111.32  118.63
2024   1  129.47  136.43  141.64  135.22  117.97  101.33   90.81   85.93   81.02   91.04  109.46  116.01
2024   2  130.07  137.98   144.1  135.67  118.75  104.34   93.27   88.41   83.48   93.89  111.66   118.4
2024   3   130.2  136.72  143.01  136.66  119.84  105.73   94.75   89.46   83.96   93.86  111.32  118.67
2025   1  129.47  136.43  141.64  135.18  117.97  101.33   90.81   85.87   81.06   91.04  109.46  116.04
2025   2  130.07  137.97   144.1  135.61  118.75  104.34   93.27   88.35   83.53   93.89  111.66  118.43
2025   3   130.2  136.72  143.01  136.62  119.84  105.73   94.75   89.39      84   93.86  111.32   118.7
**** Planta:  986                                0
A~no Blk ......1 ......2 ......3 ......4 ......5 ......6 ......7 ......8 ......9 .....10 .....11 .....12
2021   1                                                           195.6   210.3  191.89  218.06  193.27
2021   2                                                           197.9  212.78  191.87  218.61  196.03
2021   3                                                          199.94  212.65  190.14  223.49  197.39
2022   1  196.42  186.84  183.43  189.71  207.34  184.37  201.49  195.68   210.3  191.89  218.06  193.21
2022   2  199.08  186.95  185.03  192.24  208.89  190.94  207.84  197.98  212.78  191.87  218.61     196
2022   3  202.08  191.21  187.76  194.98  210.35  196.13  210.64  200.01  212.65  190.14  223.49  197.35
2023   1   196.5  186.75   183.5  189.64  207.34  184.37  201.49  195.68  210.28  191.87  218.06  193.11
2023   2  199.16  186.86  185.08  192.15  208.89  190.94  207.84  197.98  212.76  191.85  218.61  195.88
2023   3  202.16  191.11  187.84  194.91  210.35  196.13  210.64  200.01  212.61  190.12  223.49  197.23
2024   1   196.5  186.78  183.32  189.96   207.3  184.18  201.78   195.6   210.3  191.82  218.06  193.15
2024   2  199.16   186.9   184.9  192.47  208.83  190.73  208.15   197.9  212.78   191.8  218.61  195.94
2024   3  202.16  191.15  187.63  195.23  210.29  195.92  210.95  199.94  212.65  190.06  223.49  197.29
2025   1   196.5  186.84  183.32  189.81   207.3  184.18  201.78  195.52  210.34  191.82  218.06  193.21
2025   2  199.16  186.95   184.9  192.32  208.83  190.73  208.15  197.82  212.82   191.8  218.61     196
2025   3  202.16  191.21  187.63  195.08  210.29  195.92  210.95  199.86  212.67  190.06  223.49  197.35
