**** Planta:    4 FUNIL-GRANDE Penal:            4
A~no ......1 ......2 ......3 ......4 ......5 ......6 ......7 ......8 ......9 .....10 .....11 .....12
2021      70      70      70      70      70      70      70      70      70      70      70      70
2022      70      70      70      70      70      70      70      70      70      70      70      70
2023      70      70      70      70      70      70      70      70      70      70      70      70
2024      70      70      70      70      70      70      70      70      70      70      70      70
2025      70      70      70      70      70      70      70      70      70      70      70      70
**** Planta:   20 BATALHA      Penal:            4
A~no ......1 ......2 ......3 ......4 ......5 ......6 ......7 ......8 ......9 .....10 .....11 .....12
2021    30.1    30.1    30.1    30.1      23      23      23      23      23      23    30.1    30.1
2022    30.1    30.1    30.1    30.1      23      23      23      23      23      23    30.1    30.1
2023    30.1    30.1    30.1    30.1      23      23      23      23      23      23    30.1    30.1
2024    30.1    30.1    30.1    30.1      23      23      23      23      23      23    30.1    30.1
2025    30.1    30.1    30.1    30.1      23      23      23      23      23      23    30.1    30.1
**** Planta:  183 FONTES A     Penal:            4
A~no ......1 ......2 ......3 ......4 ......5 ......6 ......7 ......8 ......9 .....10 .....11 .....12
2021     5.5     5.5     5.5     5.5     5.5     5.5     5.5     5.5     5.5     5.5     5.5     5.5
2022     5.5     5.5     5.5     5.5     5.5     5.5     5.5     5.5     5.5     5.5     5.5     5.5
2023     5.5     5.5     5.5     5.5     5.5     5.5     5.5     5.5     5.5     5.5     5.5     5.5
2024     5.5     5.5     5.5     5.5     5.5     5.5     5.5     5.5     5.5     5.5     5.5     5.5
2025     5.5     5.5     5.5     5.5     5.5     5.5     5.5     5.5     5.5     5.5     5.5     5.5
**** Planta:  155 RETIRO BAIXO Penal:            4
A~no ......1 ......2 ......3 ......4 ......5 ......6 ......7 ......8 ......9 .....10 .....11 .....12
2021   27.67   27.67   27.67   27.67   27.67   27.67   27.67   27.67   27.67   27.67   27.67   27.67
2022   27.67   27.67   27.67   27.67   27.67   27.67   27.67   27.67   27.67   27.67   27.67   27.67
2023   27.67   27.67   27.67   27.67   27.67   27.67   27.67   27.67   27.67   27.67   27.67   27.67
2024   27.67   27.67   27.67   27.67   27.67   27.67   27.67   27.67   27.67   27.67   27.67   27.67
2025   27.67   27.67   27.67   27.67   27.67   27.67   27.67   27.67   27.67   27.67   27.67   27.67
**** Planta:  156 TRES MARIAS  Penal:            4
A~no ......1 ......2 ......3 ......4 ......5 ......6 ......7 ......8 ......9 .....10 .....11 .....12
2021     150     150     150     150     150     150     150     150     150     150     150     150
2022     150     150     150     150     150     150     150     150     150     150     150     150
2023     150     150     150     150     150     150     150     150     150     150     150     150
2024     150     150     150     150     150     150     150     150     150     150     150     150
2025     150     150     150     150     150     150     150     150     150     150     150     150
**** Planta:  162 QUEIMADO     Penal:        40000
A~no ......1 ......2 ......3 ......4 ......5 ......6 ......7 ......8 ......9 .....10 .....11 .....12
2021     8.8     8.8     8.8     8.8      17      17      17      17      17      17     8.8     8.8
2022     8.8     8.8     8.8     8.8      17      17      17      17      17      17     8.8     8.8
2023     8.8     8.8     8.8     8.8      17      17      17      17      17      17     8.8     8.8
2024     8.8     8.8     8.8     8.8      17      17      17      17      17      17     8.8     8.8
2025     8.8     8.8     8.8     8.8      17      17      17      17      17      17     8.8     8.8
**** Planta:  251 SERRA MESA   Penal:            4
A~no ......1 ......2 ......3 ......4 ......5 ......6 ......7 ......8 ......9 .....10 .....11 .....12
2021     300     300     300     300     300     300     300     300     300     300     300     300
2022     300     300     300     300     300     300     300     300     300     300     300     300
2023     300     300     300     300     300     300     300     300     300     300     300     300
2024     300     300     300     300     300     300     300     300     300     300     300     300
2025     300     300     300     300     300     300     300     300     300     300     300     300
**** Planta:  257 PEIXE ANGIC  Penal:            4
A~no ......1 ......2 ......3 ......4 ......5 ......6 ......7 ......8 ......9 .....10 .....11 .....12
2021     360     360     360     360     360     360     360     360     360     360     360     360
2022     360     360     360     360     360     360     360     360     360     360     360     360
2023     360     360     360     360     360     360     360     360     360     360     360     360
2024     360     360     360     360     360     360     360     360     360     360     360     360
2025     360     360     360     360     360     360     360     360     360     360     360     360
**** Planta:  262 SALTO        Penal:            4
A~no ......1 ......2 ......3 ......4 ......5 ......6 ......7 ......8 ......9 .....10 .....11 .....12
2021   29.13   29.13   29.13   29.13   29.13   29.13   29.13   29.13   29.13   29.13   29.13   29.13
2022   29.13   29.13   29.13   29.13   29.13   29.13   29.13   29.13   29.13   29.13   29.13   29.13
2023   29.13   29.13   29.13   29.13   29.13   29.13   29.13   29.13   29.13   29.13   29.13   29.13
2024   29.13   29.13   29.13   29.13   29.13   29.13   29.13   29.13   29.13   29.13   29.13   29.13
2025   29.13   29.13   29.13   29.13   29.13   29.13   29.13   29.13   29.13   29.13   29.13   29.13
**** Planta:  120 JAGUARI      Penal:            4
A~no ......1 ......2 ......3 ......4 ......5 ......6 ......7 ......8 ......9 .....10 .....11 .....12
2021       4       4       4       4       4       4       4       4       4       4       4       4
2022       4       4       4       4       4       4       4       4       4       4       4       4
2023       4       4       4       4       4       4       4       4       4       4       4       4
2024       4       4       4       4       4       4       4       4       4       4       4       4
2025       4       4       4       4       4       4       4       4       4       4       4       4
**** Planta:  121 PARAIBUNA    Penal:            4
A~no ......1 ......2 ......3 ......4 ......5 ......6 ......7 ......8 ......9 .....10 .....11 .....12
2021      10      10      10      10      10      10      10      10      10      10      10      10
2022      10      10      10      10      10      10      10      10      10      10      10      10
2023      10      10      10      10      10      10      10      10      10      10      10      10
2024      10      10      10      10      10      10      10      10      10      10      10      10
2025      10      10      10      10      10      10      10      10      10      10      10      10
**** Planta:  122 SANTA BRANCA Penal:            4
A~no ......1 ......2 ......3 ......4 ......5 ......6 ......7 ......8 ......9 .....10 .....11 .....12
2021      30      30      30      30      30      30      30      30      30      30      30      30
2022      30      30      30      30      30      30      30      30      30      30      30      30
2023      30      30      30      30      30      30      30      30      30      30      30      30
2024      30      30      30      30      30      30      30      30      30      30      30      30
2025      30      30      30      30      30      30      30      30      30      30      30      30
**** Planta:  123 FUNIL        Penal:            4
A~no ......1 ......2 ......3 ......4 ......5 ......6 ......7 ......8 ......9 .....10 .....11 .....12
2021      70      70      70      70      70      70      70      70      70      70      70      70
2022      70      70      70      70      70      70      70      70      70      70      70      70
2023      70      70      70      70      70      70      70      70      70      70      70      70
2024      70      70      70      70      70      70      70      70      70      70      70      70
2025      70      70      70      70      70      70      70      70      70      70      70      70
**** Planta:  124 LAJES        Penal:            4
A~no ......1 ......2 ......3 ......4 ......5 ......6 ......7 ......8 ......9 .....10 .....11 .....12
2021     5.5     5.5     5.5     5.5     5.5     5.5     5.5     5.5     5.5     5.5     5.5     5.5
2022     5.5     5.5     5.5     5.5     5.5     5.5     5.5     5.5     5.5     5.5     5.5     5.5
2023     5.5     5.5     5.5     5.5     5.5     5.5     5.5     5.5     5.5     5.5     5.5     5.5
2024     5.5     5.5     5.5     5.5     5.5     5.5     5.5     5.5     5.5     5.5     5.5     5.5
2025     5.5     5.5     5.5     5.5     5.5     5.5     5.5     5.5     5.5     5.5     5.5     5.5
**** Planta:  126 PICADA       Penal:            4
A~no ......1 ......2 ......3 ......4 ......5 ......6 ......7 ......8 ......9 .....10 .....11 .....12
2021     6.9     6.9     6.9     6.9     6.9     6.9     6.9     6.9     6.9     6.9     6.9     6.9
2022     6.9     6.9     6.9     6.9     6.9     6.9     6.9     6.9     6.9     6.9     6.9     6.9
2023     6.9     6.9     6.9     6.9     6.9     6.9     6.9     6.9     6.9     6.9     6.9     6.9
2024     6.9     6.9     6.9     6.9     6.9     6.9     6.9     6.9     6.9     6.9     6.9     6.9
2025     6.9     6.9     6.9     6.9     6.9     6.9     6.9     6.9     6.9     6.9     6.9     6.9
**** Planta:  133 P. PASSOS    Penal:            4
A~no ......1 ......2 ......3 ......4 ......5 ......6 ......7 ......8 ......9 .....10 .....11 .....12
2021     120     120     120     120     120     120     120     120     120     120     120     120
2022     120     120     120     120     120     120     120     120     120     120     120     120
2023     120     120     120     120     120     120     120     120     120     120     120     120
2024     120     120     120     120     120     120     120     120     120     120     120     120
2025     120     120     120     120     120     120     120     120     120     120     120     120
**** Planta:  192 GUILMAN-AMOR Penal:            4
A~no ......1 ......2 ......3 ......4 ......5 ......6 ......7 ......8 ......9 .....10 .....11 .....12
2021    19.2    19.2    19.2    19.2    19.2    19.2    19.2    19.2    19.2    19.2    19.2    19.2
2022    19.2    19.2    19.2    19.2    19.2    19.2    19.2    19.2    19.2    19.2    19.2    19.2
2023    19.2    19.2    19.2    19.2    19.2    19.2    19.2    19.2    19.2    19.2    19.2    19.2
2024    19.2    19.2    19.2    19.2    19.2    19.2    19.2    19.2    19.2    19.2    19.2    19.2
2025    19.2    19.2    19.2    19.2    19.2    19.2    19.2    19.2    19.2    19.2    19.2    19.2
**** Planta:  148 IRAPE        Penal:            4
A~no ......1 ......2 ......3 ......4 ......5 ......6 ......7 ......8 ......9 .....10 .....11 .....12
2021    23.4    23.4    23.4    23.4    23.4    23.4    23.4    23.4    23.4    23.4    23.4    23.4
2022    23.4    23.4    23.4    23.4    23.4    23.4    23.4    23.4    23.4    23.4    23.4    23.4
2023    23.4    23.4    23.4    23.4    23.4    23.4    23.4    23.4    23.4    23.4    23.4    23.4
2024    23.4    23.4    23.4    23.4    23.4    23.4    23.4    23.4    23.4    23.4    23.4    23.4
2025    23.4    23.4    23.4    23.4    23.4    23.4    23.4    23.4    23.4    23.4    23.4    23.4
**** Planta:   14 CACONDE      Penal:            4
A~no ......1 ......2 ......3 ......4 ......5 ......6 ......7 ......8 ......9 .....10 .....11 .....12
2021      32      32      32      32      32      32      32      32      32      32      32      32
2022      32      32      32      32      32      32      32      32      32      32      32      32
2023      32      32      32      32      32      32      32      32      32      32      32      32
2024      32      32      32      32      32      32      32      32      32      32      32      32
2025      32      32      32      32      32      32      32      32      32      32      32      32
**** Planta:   16 A.S.OLIVEIRA Penal:            4
A~no ......1 ......2 ......3 ......4 ......5 ......6 ......7 ......8 ......9 .....10 .....11 .....12
2021      19      19      19      19      19      19      19      19      19      19      19      19
2022      19      19      19      19      19      19      19      19      19      19      19      19
2023      19      19      19      19      19      19      19      19      19      19      19      19
2024      19      19      19      19      19      19      19      19      19      19      19      19
2025      19      19      19      19      19      19      19      19      19      19      19      19
**** Planta:   17 MARIMBONDO   Penal:            4
A~no ......1 ......2 ......3 ......4 ......5 ......6 ......7 ......8 ......9 .....10 .....11 .....12
2021     330     330     312     312     312     312     312     312     312     312     330     330
2022     330     330     312     312     312     312     312     312     312     312     330     330
2023     330     330     312     312     312     312     312     312     312     312     330     330
2024     330     330     312     312     312     312     312     312     312     312     330     330
2025     330     330     312     312     312     312     312     312     312     312     330     330
**** Planta:   25 NOVA PONTE   Penal:        40000
A~no ......1 ......2 ......3 ......4 ......5 ......6 ......7 ......8 ......9 .....10 .....11 .....12
2021     110     110     110    26.8    26.8    26.8    26.8    26.8    26.8    26.8     110     110
2022     110     110     110    26.8    26.8    26.8    26.8    26.8    26.8    26.8     110     110
2023     110     110     110    26.8    26.8    26.8    26.8    26.8    26.8    26.8     110     110
2024     110     110     110    26.8    26.8    26.8    26.8    26.8    26.8    26.8     110     110
2025     110     110     110    26.8    26.8    26.8    26.8    26.8    26.8    26.8     110     110
**** Planta:   26 MIRANDA      Penal:            4
A~no ......1 ......2 ......3 ......4 ......5 ......6 ......7 ......8 ......9 .....10 .....11 .....12
2021     135     135     100     100     100     100     100     100     100     100     135     135
2022     135     135     100     100     100     100     100     100     100     100     135     135
2023     135     135     100     100     100     100     100     100     100     100     135     135
2024     135     135     100     100     100     100     100     100     100     100     135     135
2025     135     135     100     100     100     100     100     100     100     100     135     135
**** Planta:   45 JUPIA        Penal:            4
A~no ......1 ......2 ......3 ......4 ......5 ......6 ......7 ......8 ......9 .....10 .....11 .....12
2021    4000    4000    4000    4000    4000    4000    4000    4000    4000    4000    4000    4000
2022    4000    4000    4000    4000    4000    4000    4000    4000    4000    4000    4000    4000
2023    4000    4000    4000    4000    4000    4000    4000    4000    4000    4000    4000    4000
2024    4000    4000    4000    4000    4000    4000    4000    4000    4000    4000    4000    4000
2025    4000    4000    4000    4000    4000    4000    4000    4000    4000    4000    4000    4000
**** Planta:   46 P. PRIMAVERA Penal:            4
A~no ......1 ......2 ......3 ......4 ......5 ......6 ......7 ......8 ......9 .....10 .....11 .....12
2021    4600    4600    4600    4600    4600    4600    4600    4600    4600    4600    4600    4600
2022    4600    4600    4600    4600    4600    4600    4600    4600    4600    4600    4600    4600
2023    4600    4600    4600    4600    4600    4600    4600    4600    4600    4600    4600    4600
2024    4600    4600    4600    4600    4600    4600    4600    4600    4600    4600    4600    4600
2025    4600    4600    4600    4600    4600    4600    4600    4600    4600    4600    4600    4600
**** Planta:   47 A.A. LAYDNER Penal:            4
A~no ......1 ......2 ......3 ......4 ......5 ......6 ......7 ......8 ......9 .....10 .....11 .....12
2021     147     147     147     147     147     147     147     147     147     147     147     147
2022     147     147     147     147     147     147     147     147     147     147     147     147
2023     147     147     147     147     147     147     147     147     147     147     147     147
2024     147     147     147     147     147     147     147     147     147     147     147     147
2025     147     147     147     147     147     147     147     147     147     147     147     147
**** Planta:   49 CHAVANTES    Penal:            4
A~no ......1 ......2 ......3 ......4 ......5 ......6 ......7 ......8 ......9 .....10 .....11 .....12
2021      85      85      85      85      85      85      85      85      85      85      85      85
2022      85      85      85      85      85      85      85      85      85      85      85      85
2023      85      85      85      85      85      85      85      85      85      85      85      85
2024      85      85      85      85      85      85      85      85      85      85      85      85
2025      85      85      85      85      85      85      85      85      85      85      85      85
**** Planta:   50 L.N. GARCEZ  Penal:            4
A~no ......1 ......2 ......3 ......4 ......5 ......6 ......7 ......8 ......9 .....10 .....11 .....12
2021     127     127     127     127     127     127     127     127     127     127     127     127
2022     127     127     127     127     127     127     127     127     127     127     127     127
2023     127     127     127     127     127     127     127     127     127     127     127     127
2024     127     127     127     127     127     127     127     127     127     127     127     127
2025     127     127     127     127     127     127     127     127     127     127     127     127
**** Planta:   61 CAPIVARA     Penal:            4
A~no ......1 ......2 ......3 ......4 ......5 ......6 ......7 ......8 ......9 .....10 .....11 .....12
2021     276     276     276     276     276     276     276     276     276     276     276     276
2022     276     276     276     276     276     276     276     276     276     276     276     276
2023     276     276     276     276     276     276     276     276     276     276     276     276
2024     276     276     276     276     276     276     276     276     276     276     276     276
2025     276     276     276     276     276     276     276     276     276     276     276     276
