NUM:  57 MAUA                  Penal: 0          0
A~NO ....1 ....2 ....3 ....4 ....5 ....6 ....7 ....8 ....9 ...10 ...11 ...12
2021 20.34 20.27 20.27 20.27 20.31 20.32 20.73  20.5 20.68  20.3 20.36 20.29
2022 20.36 20.29 20.29 20.29 20.33 20.34 20.76 20.52 20.71 20.31 20.38  20.3
2023 20.38  20.3  20.3 20.31 20.35 20.35 20.79 20.54 20.73 20.33 20.39 20.32
2024  20.4 20.32 20.32 20.32 20.36 20.37 20.81 20.57 20.76 20.35 20.41 20.34
2025 20.41 20.33 20.34 20.34 20.38 20.39 20.84 20.59 20.79 20.36 20.43 20.35
NUM:  71 STA CLARA PR          Penal: 0          0
A~NO ....1 ....2 ....3 ....4 ....5 ....6 ....7 ....8 ....9 ...10 ...11 ...12
2021  6.87  6.87  6.87  6.87  6.87  6.87  6.87  6.87  6.87  6.88  6.88  6.88
2022  6.88  6.88  6.88  6.88  6.88  6.88  6.88  6.88  6.88  6.88  6.88  6.88
2023  6.88  6.88  6.88  6.88  6.88  6.88  6.89  6.89  6.89  6.89  6.89  6.89
2024  6.89  6.89  6.89  6.89  6.89  6.89  6.89  6.89  6.89  6.89  6.89  6.89
2025  6.89  6.89  6.89   6.9   6.9   6.9   6.9   6.9   6.9   6.9   6.9   6.9
NUM:  72 FUNDAO                Penal: 0          0
A~NO ....1 ....2 ....3 ....4 ....5 ....6 ....7 ....8 ....9 ...10 ...11 ...12
2021  0.45  0.45  0.45  0.45  0.45  0.45  0.45  0.45  0.45  0.45  0.45  0.45
2022  0.45  0.45  0.45  0.45  0.45  0.46  0.46  0.46  0.46  0.46  0.46  0.46
2023  0.46  0.46  0.46  0.46  0.46  0.46  0.46  0.46  0.46  0.46  0.46  0.46
2024  0.46  0.46  0.46  0.46  0.46  0.46  0.46  0.46  0.46  0.46  0.46  0.46
2025  0.46  0.46  0.46  0.46  0.46  0.46  0.46  0.46  0.46  0.46  0.46  0.46
NUM:  74 G.B. MUNHOZ           Penal: 0          0
A~NO ....1 ....2 ....3 ....4 ....5 ....6 ....7 ....8 ....9 ...10 ...11 ...12
2021  5.91  6.03   5.9  6.36  5.97  6.36   6.4  6.27  6.12  6.08  5.97  5.98
2022  5.99  6.13  5.98  6.45  6.06  6.46   6.5  6.37  6.21  6.17  6.06  6.07
2023  6.08  6.22  6.07  6.55  6.15  6.56   6.6  6.46   6.3  6.26  6.15  6.15
2024  6.17  6.31  6.16  6.65  6.23  6.65   6.7  6.56  6.39  6.35  6.23  6.24
2025  6.26   6.4  6.24  6.75  6.32  6.75   6.8  6.66  6.49  6.44  6.32  6.33
NUM:  83 BAIXO IGUACU          Penal: 0          0
A~NO ....1 ....2 ....3 ....4 ....5 ....6 ....7 ....8 ....9 ...10 ...11 ...12
2021  0.87  0.88  0.83  0.89  0.82  0.86  0.86  0.83  0.79  0.77  0.74  0.73
2022  0.92  0.93  0.89  0.95  0.87  0.92  0.92  0.88  0.84  0.82  0.79  0.78
2023  0.97  0.98  0.94  1.01  0.92  0.98  0.98  0.94  0.89  0.87  0.84  0.82
2024  1.02  1.03  0.99  1.07  0.97  1.04  1.04  0.99  0.94  0.92  0.89  0.87
2025  1.07  1.09  1.04  1.13  1.02   1.1   1.1  1.05     1  0.98  0.93  0.92
NUM:  86 BARRA GRANDE          Penal: 0          0
A~NO ....1 ....2 ....3 ....4 ....5 ....6 ....7 ....8 ....9 ...10 ...11 ...12
2021  0.61  0.48  0.47  0.34  0.32  0.33  0.33  0.36  0.39  0.47   0.8  0.76
2022  0.62  0.48  0.48  0.34  0.33  0.33  0.33  0.37  0.39  0.47  0.81  0.78
2023  0.63  0.49  0.49  0.34  0.33  0.33  0.34  0.37   0.4  0.48  0.83  0.79
2024  0.64   0.5  0.49  0.35  0.33  0.33  0.34  0.37   0.4  0.49  0.84   0.8
2025  0.65   0.5   0.5  0.35  0.33  0.34  0.34  0.38  0.41  0.49  0.86  0.82
NUM:  89 GARIBALDI             Penal: 0          0
A~NO ....1 ....2 ....3 ....4 ....5 ....6 ....7 ....8 ....9 ...10 ...11 ...12
2021 14.58  14.2 14.06 13.83 13.76 13.78 13.79 13.91 14.02 14.39 15.18 15.02
2022 14.61 14.22 14.08 13.83 13.77 13.78  13.8 13.93 14.04 14.42 15.23 15.06
2023 14.64 14.25  14.1 13.85 13.78  13.8 13.81 13.94 14.06 14.44 15.27  15.1
2024 14.67 14.27 14.11 13.85 13.79  13.8 13.82 13.95 14.06 14.47 15.32 15.14
2025  14.7 14.29 14.13 13.87 13.81 13.81 13.82 13.97 14.08  14.5 15.36 15.19
NUM:  90 CAMPOS NOVOS          Penal: 0          0
A~NO ....1 ....2 ....3 ....4 ....5 ....6 ....7 ....8 ....9 ...10 ...11 ...12
2021-12.96-12.95-12.93-12.94-12.94-12.94-12.93 -12.9-12.87-12.91-12.92-12.93
2022-12.96-12.95-12.93-12.94-12.94-12.94-12.93-12.89-12.87-12.91-12.92-12.93
2023-12.96-12.95-12.93-12.94-12.94-12.94-12.93-12.89-12.87-12.91-12.92-12.93
2024-12.96-12.95-12.93-12.94-12.94-12.94-12.93-12.89-12.86 -12.9-12.92-12.93
2025-12.96-12.95-12.93-12.94-12.94-12.93-12.93-12.89-12.86 -12.9-12.92-12.92
NUM:  91 MACHADINHO            Penal: 0          0
A~NO ....1 ....2 ....3 ....4 ....5 ....6 ....7 ....8 ....9 ...10 ...11 ...12
2021  0.77   0.6  0.39  0.21  0.22  0.23  0.23  0.28   0.3  0.36  0.48  0.49
2022  0.78  0.61   0.4  0.21  0.22  0.23  0.23  0.28  0.31  0.36  0.49   0.5
2023   0.8  0.62   0.4  0.21  0.22  0.23  0.24  0.28  0.31  0.37   0.5  0.51
2024  0.81  0.63  0.41  0.21  0.22  0.23  0.24  0.29  0.31  0.37  0.51  0.52
2025  0.83  0.65  0.41  0.22  0.22  0.23  0.24  0.29  0.32  0.38  0.52  0.53
NUM:  92 ITA                   Penal: 0          0
A~NO ....1 ....2 ....3 ....4 ....5 ....6 ....7 ....8 ....9 ...10 ...11 ...12
2021  2.37  2.04  1.78  1.52  1.44  1.46  1.49  1.66  1.74  1.84  2.26   2.5
2022  2.41  2.07   1.8  1.53  1.45  1.48   1.5  1.68  1.76  1.87  2.29  2.54
2023  2.44   2.1  1.83  1.55  1.47  1.49  1.52   1.7  1.78  1.89  2.32  2.58
2024  2.48  2.13  1.85  1.56  1.48  1.51  1.53  1.72  1.81  1.91  2.36  2.62
2025  2.52  2.16  1.87  1.58  1.49  1.52  1.55  1.74  1.83  1.94  2.39  2.66
NUM:  93 PASSO FUNDO           Penal: 0          0
A~NO ....1 ....2 ....3 ....4 ....5 ....6 ....7 ....8 ....9 ...10 ...11 ...12
2021  0.93  0.69  0.43  0.32  0.33  0.34  0.34  0.34  0.34  0.34  0.37  0.69
2022  0.95   0.7  0.44  0.32  0.34  0.34  0.34  0.34  0.35  0.35  0.38   0.7
2023  0.97  0.72  0.45  0.33  0.35  0.35  0.35  0.35  0.35  0.36  0.39  0.72
2024     1  0.74  0.46  0.33  0.35  0.35  0.36  0.36  0.36  0.36  0.39  0.73
2025  1.02  0.75  0.46  0.34  0.36  0.36  0.36  0.36  0.36  0.37   0.4  0.75
NUM:  94 MONJOLINHO            Penal: 0          0
A~NO ....1 ....2 ....3 ....4 ....5 ....6 ....7 ....8 ....9 ...10 ...11 ...12
2021  0.15  0.13   0.1  0.06  0.06  0.06  0.06  0.06  0.06  0.07  0.09   0.1
2022  0.16  0.13   0.1  0.06  0.06  0.06  0.07  0.07  0.07  0.07  0.09   0.1
2023  0.16  0.14   0.1  0.06  0.06  0.07  0.07  0.07  0.07  0.07  0.09   0.1
2024  0.16  0.14  0.11  0.06  0.06  0.07  0.07  0.07  0.07  0.07  0.09   0.1
2025  0.17  0.14  0.11  0.06  0.06  0.07  0.07  0.07  0.07  0.07  0.09  0.11
NUM:  95 QUEBRA QUEIX          Penal: 0          0
A~NO ....1 ....2 ....3 ....4 ....5 ....6 ....7 ....8 ....9 ...10 ...11 ...12
2021   0.1   0.1  0.09  0.08  0.08  0.08  0.08  0.09  0.09   0.1  0.11  0.11
2022   0.1   0.1  0.09  0.08  0.08  0.08  0.08  0.09  0.09   0.1  0.11  0.11
2023   0.1   0.1  0.09  0.08  0.08  0.08  0.08  0.09  0.09   0.1  0.11  0.11
2024   0.1   0.1  0.09  0.08  0.08  0.08  0.08  0.09  0.09   0.1  0.11  0.11
2025   0.1   0.1   0.1  0.08  0.08  0.08  0.09   0.1  0.09   0.1  0.11  0.11
NUM: 101 SAO JOSE              Penal: 0          0
A~NO ....1 ....2 ....3 ....4 ....5 ....6 ....7 ....8 ....9 ...10 ...11 ...12
2021  1.79  1.56  0.96  0.52  0.55  0.56  0.56  0.56  0.56  0.57  0.65  1.09
2022  1.82  1.59  0.97  0.52  0.56  0.56  0.57  0.57  0.57  0.58  0.66  1.11
2023  1.86  1.62  0.99  0.53  0.56  0.57  0.57  0.57  0.57  0.58  0.67  1.13
2024   1.9  1.65     1  0.53  0.56  0.57  0.57  0.57  0.58  0.59  0.67  1.14
2025  1.93  1.68  1.02  0.53  0.57  0.58  0.58  0.58  0.58  0.59  0.68  1.16
NUM: 102 PASSO S JOAO          Penal: 0          0
A~NO ....1 ....2 ....3 ....4 ....5 ....6 ....7 ....8 ....9 ...10 ...11 ...12
2021 21.34 21.32 18.12 18.01 18.02 25.53 33.83 40.83 61.33 46.23 36.65 27.14
2022 21.36 21.32 18.13 18.01 18.02 25.53 33.83 40.83 61.33 46.23 36.65 27.14
2023 21.37 21.33 18.13 18.01 18.02 25.53 33.83 40.83 61.33 46.23 36.65 27.14
2024 21.38 21.34 18.13 18.01 18.02 25.53 33.83 40.83 61.33 46.23 36.65 27.15
2025 21.39 21.35 18.13 18.01 18.02 25.53 33.83 40.83 61.33 46.23 36.65 27.15
NUM: 103 FOZ CHAPECO           Penal: 0          0
A~NO ....1 ....2 ....3 ....4 ....5 ....6 ....7 ....8 ....9 ...10 ...11 ...12
2021 75.93 75.91 75.86 75.79 75.79  75.8 75.81 75.83 75.85 75.86 75.91  75.9
2022 75.95 75.92 75.87  75.8  75.8 75.81 75.82 75.84 75.86 75.87 75.92 75.91
2023 75.96 75.93 75.88 75.81 75.81 75.82 75.82 75.84 75.87 75.88 75.93 75.92
2024 75.97 75.94 75.89 75.82 75.82 75.82 75.83 75.85 75.88 75.89 75.94 75.93
2025 75.98 75.95  75.9 75.83 75.83 75.83 75.84 75.86 75.89  75.9 75.95 75.94
NUM:  97 CASTRO ALVES          Penal: 0          0
A~NO ....1 ....2 ....3 ....4 ....5 ....6 ....7 ....8 ....9 ...10 ...11 ...12
2021 17.77 17.49 17.58 17.39 17.32 17.26 17.26 17.26 17.26 17.38 17.98  17.8
2022 17.78  17.5 17.59  17.4 17.32 17.26 17.26 17.26 17.26 17.39    18 17.81
2023  17.8 17.51  17.6  17.4 17.33 17.26 17.26 17.26 17.26 17.39 18.02 17.83
2024 17.81 17.52 17.61 17.41 17.33 17.26 17.26 17.26 17.27  17.4 18.04 17.84
2025 17.83 17.53 17.62 17.41 17.33 17.26 17.26 17.27 17.27  17.4 18.06 17.86
NUM:  98 MONTE CLARO           Penal: 0          0
A~NO ....1 ....2 ....3 ....4 ....5 ....6 ....7 ....8 ....9 ...10 ...11 ...12
2021   2.9  2.85  2.74  2.43  2.39  2.39   2.4   2.4   2.4  2.44  2.88  2.77
2022  2.92  2.87  2.76  2.45   2.4  2.41  2.41  2.41  2.41  2.46   2.9   2.8
2023  2.95  2.89  2.78  2.46  2.41  2.42  2.42  2.42  2.43  2.47  2.93  2.82
2024  2.97  2.92   2.8  2.47  2.43  2.43  2.43  2.44  2.44  2.48  2.95  2.84
2025     3  2.94  2.83  2.48  2.44  2.44  2.45  2.45  2.45   2.5  2.98  2.86
NUM:  99 14 DE JULHO           Penal: 0          0
A~NO ....1 ....2 ....3 ....4 ....5 ....6 ....7 ....8 ....9 ...10 ...11 ...12
2021 10.08 10.06 10.06 10.05 10.05 10.05 10.05 10.05 10.05 10.05 10.07 10.07
2022 10.08 10.07 10.07 10.05 10.05 10.05 10.06 10.06 10.06 10.06 10.08 10.08
2023 10.09 10.07 10.07 10.06 10.06 10.06 10.06 10.06 10.06 10.06 10.08 10.08
2024  10.1 10.08 10.08 10.06 10.06 10.07 10.07 10.07 10.07 10.07 10.09 10.09
2025  10.1 10.08 10.08 10.07 10.07 10.07 10.07 10.07 10.07 10.07 10.09  10.1
NUM: 110 ERNESTINA             Penal: 0          0
A~NO ....1 ....2 ....3 ....4 ....5 ....6 ....7 ....8 ....9 ...10 ...11 ...12
2021  0.06  0.05  0.03  0.02  0.02  0.02  0.02  0.02  0.02  0.02  0.02  0.03
2022  0.06  0.05  0.03  0.02  0.02  0.02  0.02  0.02  0.02  0.02  0.02  0.03
2023  0.06  0.05  0.03  0.02  0.02  0.02  0.02  0.02  0.02  0.02  0.02  0.03
2024  0.06  0.05  0.03  0.02  0.02  0.02  0.02  0.02  0.02  0.02  0.02  0.03
2025  0.06  0.05  0.03  0.02  0.02  0.02  0.02  0.02  0.02  0.02  0.02  0.03
NUM: 111 PASSO REAL            Penal: 0          0
A~NO ....1 ....2 ....3 ....4 ....5 ....6 ....7 ....8 ....9 ...10 ...11 ...12
2021  0.73  0.61  0.43  0.31  0.32  0.32  0.32  0.32  0.32  0.33  0.39  0.51
2022  0.75  0.62  0.44  0.31  0.32  0.32  0.33  0.33  0.33  0.33  0.39  0.52
2023  0.76  0.63  0.44  0.32  0.32  0.33  0.33  0.33  0.33  0.34  0.39  0.53
2024  0.77  0.64  0.45  0.32  0.33  0.33  0.33  0.33  0.33  0.34   0.4  0.54
2025  0.79  0.65  0.45  0.32  0.33  0.33  0.33  0.33  0.33  0.34   0.4  0.54
NUM: 112 JACUI                 Penal: 0          0
A~NO ....1 ....2 ....3 ....4 ....5 ....6 ....7 ....8 ....9 ...10 ...11 ...12
2021  0.03  0.03  0.02  0.01  0.01  0.01  0.01  0.01  0.01  0.01  0.01  0.02
2022  0.03  0.03  0.02  0.01  0.01  0.01  0.01  0.01  0.01  0.01  0.01  0.02
2023  0.03  0.03  0.02  0.01  0.01  0.01  0.01  0.01  0.01  0.01  0.01  0.03
2024  0.03  0.03  0.02  0.01  0.01  0.01  0.01  0.01  0.01  0.01  0.01  0.03
2025  0.03  0.03  0.02  0.01  0.01  0.01  0.01  0.01  0.01  0.01  0.01  0.03
NUM: 113 ITAUBA                Penal: 0          0
A~NO ....1 ....2 ....3 ....4 ....5 ....6 ....7 ....8 ....9 ...10 ...11 ...12
2021  0.49  0.36  0.16  0.05  0.06  0.06  0.06  0.06  0.06  0.07  0.09  0.29
2022   0.5  0.36  0.16  0.05  0.06  0.06  0.06  0.06  0.06  0.07  0.09  0.29
2023  0.51  0.37  0.17  0.05  0.06  0.06  0.06  0.06  0.06  0.07  0.09   0.3
2024  0.52  0.38  0.17  0.05  0.06  0.06  0.06  0.06  0.06  0.07  0.09  0.31
2025  0.53  0.39  0.17  0.05  0.06  0.06  0.06  0.06  0.06  0.07  0.09  0.31
NUM: 114 D. FRANCISCA          Penal: 0          0
A~NO ....1 ....2 ....3 ....4 ....5 ....6 ....7 ....8 ....9 ...10 ...11 ...12
2021 15.44 15.24 14.97 14.84 14.85 14.86 14.86 14.86 14.86 14.86  14.9 15.22
2022 15.45 15.25 14.97 14.84 14.85 14.86 14.86 14.86 14.86 14.86  14.9 15.23
2023 15.47 15.26 14.97 14.84 14.85 14.86 14.86 14.86 14.86 14.86 14.91 15.24
2024 15.48 15.27 14.98 14.84 14.85 14.86 14.86 14.86 14.86 14.86 14.91 15.25
2025  15.5 15.28 14.98 14.84 14.85 14.86 14.86 14.86 14.86 14.86 14.91 15.26
NUM: 115 G.P. SOUZA            Penal: 0          0
A~NO ....1 ....2 ....3 ....4 ....5 ....6 ....7 ....8 ....9 ...10 ...11 ...12
2021  0.05  0.05  0.05  0.09  0.05  0.05  0.05  0.08  0.06  0.06  0.09  0.06
2022  0.05  0.05  0.06   0.1  0.06  0.06  0.06  0.09  0.06  0.06   0.1  0.06
2023  0.06  0.06  0.06   0.1  0.06  0.06  0.06  0.09  0.06  0.06   0.1  0.06
2024  0.06  0.06  0.06   0.1  0.06  0.06  0.06  0.09  0.06  0.06   0.1  0.06
2025  0.06  0.06  0.06   0.1  0.06  0.06  0.06  0.09  0.06  0.06   0.1  0.06
NUM: 215 SALTO PILAO           Penal: 0          0
A~NO ....1 ....2 ....3 ....4 ....5 ....6 ....7 ....8 ....9 ...10 ...11 ...12
2021  7.42  7.42  7.42  7.42  7.42  7.42  7.42  7.42  7.42  7.42  7.42  7.42
2022  7.42  7.42  7.42  7.42  7.42  7.42  7.42  7.42  7.42  7.42  7.42  7.42
2023  7.42  7.42  7.42  7.42  7.42  7.42  7.42  7.42  7.42  7.42  7.42  7.42
2024  7.42  7.42  7.42  7.42  7.42  7.42  7.42  7.42  7.42  7.42  7.42  7.42
2025  7.42  7.42  7.42  7.42  7.42  7.42  7.42  7.42  7.42  7.42  7.42  7.42
NUM:  73 JORDAO                Penal: 0          0
A~NO ....1 ....2 ....3 ....4 ....5 ....6 ....7 ....8 ....9 ...10 ...11 ...12
2021 -6.91 -6.91 -6.91 -6.91 -6.91 -6.91 -6.91 -6.91 -6.91 -6.91 -6.91 -6.91
2022 -6.91 -6.91 -6.91 -6.91 -6.91 -6.91 -6.91 -6.91 -6.91 -6.91 -6.91 -6.91
2023 -6.91 -6.91 -6.91 -6.91 -6.91 -6.91 -6.91 -6.91 -6.91 -6.91 -6.91 -6.91
2024 -6.91 -6.91 -6.91 -6.91 -6.91 -6.91 -6.91 -6.91 -6.91 -6.91 -6.91 -6.91
2025 -6.91 -6.91 -6.91 -6.91 -6.91 -6.91 -6.91 -6.91 -6.91 -6.91 -6.91 -6.91
NUM:  76 SEGREDO               Penal: 0          0
A~NO ....1 ....2 ....3 ....4 ....5 ....6 ....7 ....8 ....9 ...10 ...11 ...12
2021  0.08  0.08  0.08  0.08  0.08  0.08  0.08  0.08  0.08  0.08  0.08  0.08
2022  0.08  0.08  0.08  0.08  0.08  0.08  0.08  0.08  0.08  0.08  0.08  0.08
2023  0.08  0.08  0.08  0.08  0.08  0.08  0.08  0.08  0.08  0.08  0.08  0.08
2024  0.08  0.08  0.08  0.08  0.08  0.08  0.08  0.08  0.08  0.08  0.08  0.08
2025  0.08  0.08  0.08  0.08  0.08  0.08  0.08  0.08  0.08  0.08  0.08  0.08
NUM:  77 SLT.SANTIAGO          Penal: 0          0
A~NO ....1 ....2 ....3 ....4 ....5 ....6 ....7 ....8 ....9 ...10 ...11 ...12
2021  0.27  0.27  0.27  0.27  0.27  0.27  0.27  0.27  0.27  0.28  0.28  0.28
2022  0.28  0.28  0.28  0.28  0.28  0.28  0.28  0.28  0.28  0.28  0.28  0.28
2023  0.28  0.28  0.28  0.28  0.28  0.28  0.28  0.28  0.28  0.28  0.28  0.28
2024  0.28  0.28  0.28  0.28  0.29  0.29  0.29  0.29  0.29  0.29  0.29  0.29
2025  0.29  0.29  0.29  0.29  0.29  0.29  0.29  0.29  0.29  0.29  0.29  0.29
NUM:  78 SALTO OSORIO          Penal: 0          0
A~NO ....1 ....2 ....3 ....4 ....5 ....6 ....7 ....8 ....9 ...10 ...11 ...12
2021  0.13  0.13  0.13  0.13  0.13  0.13  0.13  0.13  0.13  0.13  0.13  0.13
2022  0.13  0.13  0.13  0.13  0.13  0.13  0.13  0.13  0.13  0.13  0.13  0.13
2023  0.13  0.13  0.13  0.13  0.13  0.13  0.13  0.13  0.13  0.13  0.13  0.13
2024  0.13  0.13  0.13  0.13  0.13  0.13  0.13  0.13  0.13  0.13  0.13  0.13
2025  0.13  0.13  0.13  0.13  0.13  0.13  0.13  0.13  0.14  0.14  0.14  0.14
NUM:  82 SALTO CAXIAS          Penal: 0          0
A~NO ....1 ....2 ....3 ....4 ....5 ....6 ....7 ....8 ....9 ...10 ...11 ...12
2021  1.03  1.03  1.03  1.03  1.03  1.03  1.03  1.04  1.04  1.04  1.04  1.04
2022  1.04  1.04  1.04  1.05  1.05  1.05  1.05  1.05  1.05  1.06  1.06  1.06
2023  1.06  1.06  1.06  1.06  1.06  1.06  1.07  1.07  1.07  1.07  1.07  1.07
2024  1.07  1.07  1.07  1.08  1.08  1.08  1.08  1.08  1.08  1.09  1.09  1.09
2025  1.09  1.09  1.09  1.09  1.09  1.09   1.1   1.1   1.1   1.1   1.1  1.11
