NUM:   4 FUNIL-GRANDE          Penal: 0          0
A~NO ....1 ....2 ....3 ....4 ....5 ....6 ....7 ....8 ....9 ...10 ...11 ...12
2021  0.62  0.62  1.72  3.38  1.11  3.13  3.03  1.85  3.61  0.63  0.63  0.63
2022  0.63  0.63  1.76  3.47  1.13   3.2   3.1  1.89  3.69  0.64  0.64  0.64
2023  0.64  0.64  1.79  3.55  1.14  3.28  3.17  1.93  3.78  0.64  0.64  0.64
2024  0.64  0.64  1.83  3.63  1.16  3.35  3.24  1.97  3.87  0.65  0.65  0.65
2025  0.65  0.65  1.87  3.71  1.18  3.43  3.32  2.01  3.96  0.66  0.66  0.66
NUM:  20 BATALHA               Penal: 0          0
A~NO ....1 ....2 ....3 ....4 ....5 ....6 ....7 ....8 ....9 ...10 ...11 ...12
2021  0.12  0.12  1.89  3.55  3.83  5.49  5.98  5.94  6.27  0.83  0.12  0.12
2022  0.12  0.12  1.99  3.75  4.04  5.81  6.32  6.28  6.62  0.87  0.12  0.12
2023  0.12  0.12   2.1  3.95  4.26  6.12  6.66  6.61  6.98  0.92  0.12  0.12
2024  0.12  0.12   2.2  4.15  4.47  6.44     7  6.95  7.33  0.96  0.12  0.12
2025  0.12  0.12   2.3  4.35  4.69  6.75  7.34  7.29  7.69     1  0.12  0.12
NUM:  21 SERRA FACAO           Penal: 0          0
A~NO ....1 ....2 ....3 ....4 ....5 ....6 ....7 ....8 ....9 ...10 ...11 ...12
2021  0.07  0.07  0.64  1.17  1.26  1.79  1.94  1.93  2.03   0.3  0.07  0.07
2022  0.07  0.07  0.61  1.12   1.2  1.71  1.86  1.85  1.95  0.29  0.07  0.07
2023  0.07  0.07  0.59  1.07  1.15  1.64  1.77  1.76  1.86  0.28  0.07  0.07
2024  0.07  0.07  0.56  1.02   1.1  1.56  1.69  1.68  1.77  0.27  0.08  0.08
2025  0.08  0.08  0.54  0.97  1.04  1.48  1.61   1.6  1.69  0.26  0.08  0.08
NUM:  27 CAPIM BRANC1          Penal: 0          0
A~NO ....1 ....2 ....3 ....4 ....5 ....6 ....7 ....8 ....9 ...10 ...11 ...12
2021  7.01  7.31  7.42  7.54  7.53  7.83  7.86  7.61  7.96  7.38  7.15  7.01
2022  7.01  7.32  7.43  7.55  7.55  7.86  7.88  7.63  7.99  7.39  7.15  7.01
2023  7.01  7.33  7.45  7.57  7.57  7.89  7.91  7.65  8.02   7.4  7.16  7.01
2024  7.01  7.34  7.46  7.59  7.58  7.91  7.94  7.66  8.06  7.42  7.16  7.01
2025  7.01  7.35  7.47  7.61   7.6  7.94  7.97  7.68  8.09  7.43  7.17  7.01
NUM:  28 CAPIM BRANC2          Penal: 0          0
A~NO ....1 ....2 ....3 ....4 ....5 ....6 ....7 ....8 ....9 ...10 ...11 ...12
2021 -6.98 -6.25    -6 -5.74 -5.75 -5.06    -5 -5.59 -4.76 -6.08 -6.65 -6.98
2022 -6.98 -6.23 -5.96  -5.7 -5.71    -5 -4.94 -5.55 -4.69 -6.06 -6.64 -6.98
2023 -6.98  -6.2 -5.93 -5.66 -5.67 -4.94 -4.87  -5.5 -4.62 -6.03 -6.63 -6.98
2024 -6.98 -6.18  -5.9 -5.62 -5.63 -4.87 -4.81 -5.45 -4.54    -6 -6.61 -6.98
2025 -6.98 -6.15 -5.87 -5.58 -5.59 -4.81 -4.74 -5.41 -4.47 -5.97  -6.6 -6.98
NUM:  29 CORUMBA IV            Penal: 0          0
A~NO ....1 ....2 ....3 ....4 ....5 ....6 ....7 ....8 ....9 ...10 ...11 ...12
2021  0.59  0.59  0.97  2.73  3.07  3.42     4   4.4  4.16  1.06   0.6   0.6
2022   0.6   0.6  0.99  2.81  3.16  3.52  4.12  4.53  4.29  1.08  0.61  0.61
2023  0.61  0.61  1.01  2.89  3.26  3.63  4.24  4.67  4.42  1.11  0.62  0.62
2024  0.62  0.62  1.03  2.97  3.35  3.73  4.36   4.8  4.55  1.13  0.63  0.63
2025  0.63  0.63  1.05  3.05  3.44  3.83  4.48  4.94  4.67  1.16  0.64  0.64
NUM:  48 PIRAJU                Penal: 0          0
A~NO ....1 ....2 ....3 ....4 ....5 ....6 ....7 ....8 ....9 ...10 ...11 ...12
2021  0.05  0.05  0.05  0.08  0.07  0.26  0.22  0.29  0.26  0.06  0.23  0.05
2022  0.05  0.05  0.05  0.08  0.07  0.27  0.23   0.3  0.26  0.06  0.23  0.05
2023  0.05  0.05  0.05  0.09  0.07  0.28  0.23   0.3  0.27  0.06  0.24  0.05
2024  0.05  0.05  0.05  0.09  0.07  0.28  0.24  0.31  0.27  0.07  0.24  0.05
2025  0.05  0.05  0.05  0.09  0.07  0.29  0.24  0.32  0.28  0.07  0.25  0.06
NUM:  66 ITAIPU                Penal: 0          0
A~NO ....1 ....2 ....3 ....4 ....5 ....6 ....7 ....8 ....9 ...10 ...11 ...12
2021 12.41  7.57  9.39 15.65 11.02  9.87 16.14 16.94 10.22 22.32  7.88 11.02
2022 12.58  7.61  9.48 15.91 11.15  9.97 16.42 17.23 10.33 22.76  7.92 11.16
2023 12.76  7.65  9.57 16.17 11.29 10.08 16.69 17.52 10.44  23.2  7.97 11.29
2024 12.93   7.7  9.66 16.43 11.42 10.18 16.96 17.82 10.56 23.64  8.02 11.42
2025  13.1  7.74  9.75 16.69 11.56 10.28 17.23 18.11 10.67 24.08  8.07 11.56
NUM: 141 BAGUARI               Penal: 0          0
A~NO ....1 ....2 ....3 ....4 ....5 ....6 ....7 ....8 ....9 ...10 ...11 ...12
2021  1.91  2.98  2.69  3.78  3.81  3.74  3.74  4.35  4.02  3.03  1.92  1.92
2022  1.92     3   2.7  3.81  3.83  3.76  3.76  4.38  4.04  3.05  1.93  1.94
2023  1.94  3.02  2.72  3.83  3.85  3.79  3.78   4.4  4.07  3.07  1.95  1.95
2024  1.95  3.03  2.73  3.85  3.87  3.81   3.8  4.42  4.09  3.09  1.96  1.96
2025  1.96  3.05  2.75  3.87  3.89  3.83  3.82  4.45  4.11   3.1  1.97  1.97
NUM: 153 SAO DOMINGOS          Penal: 0          0
A~NO ....1 ....2 ....3 ....4 ....5 ....6 ....7 ....8 ....9 ...10 ...11 ...12
2021  0.35  0.35  0.35  0.36  0.35  0.36  0.36  0.36  0.36  0.35  0.35  0.35
2022  0.35  0.35  0.35  0.36  0.35  0.36  0.36  0.36  0.36  0.35  0.35  0.35
2023  0.35  0.35  0.35  0.36  0.35  0.36  0.36  0.36  0.36  0.35  0.35  0.35
2024  0.35  0.35  0.35  0.36  0.35  0.36  0.36  0.37  0.36  0.35  0.35  0.35
2025  0.35  0.35  0.35  0.36  0.35  0.36  0.36  0.37  0.36  0.35  0.35  0.35
NUM: 155 RETIRO BAIXO          Penal: 0          0
A~NO ....1 ....2 ....3 ....4 ....5 ....6 ....7 ....8 ....9 ...10 ...11 ...12
2021  1.32  2.66  1.71  3.09  2.04  2.67  2.57  2.28  2.59  1.56  1.14   1.1
2022  1.33   2.7  1.73  3.13  2.07   2.7  2.61  2.31  2.62  1.58  1.15  1.12
2023  1.35  2.74  1.75  3.18   2.1  2.74  2.65  2.34  2.66   1.6  1.16  1.13
2024  1.36  2.78  1.77  3.22  2.12  2.78  2.68  2.37   2.7  1.62  1.18  1.14
2025  1.38  2.81   1.8  3.27  2.15  2.82  2.72   2.4  2.73  1.64  1.19  1.15
NUM: 156 TRES MARIAS           Penal: 0          0
A~NO ....1 ....2 ....3 ....4 ....5 ....6 ....7 ....8 ....9 ...10 ...11 ...12
2021  3.35  6.78  4.35  7.86   5.2  6.79  6.55   5.8  6.59  3.97   2.9  2.81
2022  3.39  6.88   4.4  7.98  5.27  6.88  6.64  5.88  6.68  4.02  2.93  2.84
2023  3.43  6.97  4.46  8.09  5.34  6.98  6.73  5.96  6.77  4.07  2.96  2.87
2024  3.47  7.07  4.51   8.2  5.41  7.07  6.83  6.04  6.86  4.11     3   2.9
2025  3.51  7.16  4.57  8.31  5.47  7.17  6.92  6.11  6.95  4.16  3.03  2.93
NUM: 162 QUEIMADO              Penal: 0          0
A~NO ....1 ....2 ....3 ....4 ....5 ....6 ....7 ....8 ....9 ...10 ...11 ...12
2021  1.19   1.2  1.62  2.31  2.42  2.11  2.99   3.3  3.42  1.59  1.17  1.17
2022   1.2   1.2  1.62  2.33  2.44  2.12  3.02  3.34  3.46  1.59  1.17  1.17
2023   1.2   1.2  1.63  2.35  2.46  2.14  3.05  3.37   3.5   1.6  1.17  1.17
2024   1.2   1.2  1.64  2.37  2.48  2.15  3.08  3.41  3.54  1.61  1.17  1.17
2025   1.2  1.21  1.65  2.39  2.51  2.17  3.11  3.45  3.57  1.62  1.17  1.17
NUM: 195 JAURU                 Penal: 0          0
A~NO ....1 ....2 ....3 ....4 ....5 ....6 ....7 ....8 ....9 ...10 ...11 ...12
2021  1.08  1.08  1.08  1.08  1.09  1.09  1.09   1.1  1.09  1.09  1.08  1.08
2022  1.08  1.08  1.08  1.09  1.09  1.09   1.1   1.1  1.09  1.09  1.09  1.09
2023  1.09  1.09  1.09  1.09  1.09   1.1   1.1   1.1  1.09  1.09  1.09  1.09
2024  1.09  1.09  1.09  1.09  1.09   1.1   1.1   1.1   1.1  1.09  1.09  1.09
2025  1.09  1.09  1.09  1.09   1.1   1.1   1.1   1.1   1.1  1.09  1.09  1.09
NUM: 196 GUAPORE               Penal: 0          0
A~NO ....1 ....2 ....3 ....4 ....5 ....6 ....7 ....8 ....9 ...10 ...11 ...12
2021  3.04  3.04  3.04  3.04  3.04  3.04  3.04  3.04  3.04  3.04  3.04  3.04
2022  3.04  3.04  3.04  3.04  3.04  3.04  3.04  3.04  3.04  3.04  3.04  3.04
2023  3.04  3.04  3.04  3.04  3.04  3.04  3.04  3.04  3.04  3.04  3.04  3.04
2024  3.04  3.04  3.04  3.04  3.04  3.04  3.05  3.04  3.05  3.04  3.04  3.04
2025  3.04  3.04  3.04  3.04  3.05  3.05  3.05  3.05  3.05  3.05  3.05  3.05
NUM: 203 CORUMBA III           Penal: 0          0
A~NO ....1 ....2 ....3 ....4 ....5 ....6 ....7 ....8 ....9 ...10 ...11 ...12
2021  0.11  0.11  0.26  0.48   0.4  0.54  0.59  0.68  0.67  0.24  0.11  0.11
2022  0.11  0.11  0.26  0.49  0.41  0.56   0.6   0.7  0.69  0.24  0.11  0.11
2023  0.11  0.11  0.27  0.51  0.42  0.57  0.62  0.72  0.71  0.25  0.11  0.11
2024  0.11  0.11  0.27  0.52  0.43  0.59  0.64  0.74  0.73  0.25  0.12  0.12
2025  0.12  0.12  0.28  0.54  0.44   0.6  0.65  0.76  0.75  0.26  0.12  0.12
NUM: 227 SINOP                 Penal: 0          0
A~NO ....1 ....2 ....3 ....4 ....5 ....6 ....7 ....8 ....9 ...10 ...11 ...12
2021  3.37  3.38 11.02 15.59 19.06 22.77 19.58 18.47  9.69  3.48  3.49   3.5
2022  3.45  3.46 11.26 15.93 19.47 23.26    20 18.87   9.9  3.56  3.57  3.58
2023  3.52  3.53  11.5 16.27 19.89 23.75 20.43 19.27 10.11  3.64  3.64  3.65
2024  3.59   3.6 11.74  16.6  20.3 24.25 20.85 19.67 10.32  3.71  3.72  3.73
2025  3.67  3.68 11.98 16.94 20.71 24.74 21.28 20.07 10.53  3.79  3.79  3.81
NUM: 228 COLIDER               Penal: 0         -1
A~NO ....1 ....2 ....3 ....4 ....5 ....6 ....7 ....8 ....9 ...10 ...11 ...12
2021   9.5   9.5   9.5   9.5   9.5   9.5   9.5   9.5   9.5   9.5   9.5   9.5
2022   9.5   9.5   9.5   9.5   9.5   9.5   9.5   9.5   9.5   9.5   9.5   9.5
2023   9.5   9.5   9.5   9.5   9.5   9.5   9.5   9.5   9.5   9.5   9.5   9.5
2024   9.5   9.5   9.5   9.5   9.5   9.5   9.5   9.5   9.5   9.5   9.5   9.5
2025   9.5   9.5   9.5   9.5   9.5   9.5   9.5   9.5   9.5   9.5   9.5   9.5
NUM: 229 TELES PIRES           Penal: 0          0
A~NO ....1 ....2 ....3 ....4 ....5 ....6 ....7 ....8 ....9 ...10 ...11 ...12
2021  1.06  1.05  1.85  2.68  3.63  4.66  3.78  3.47  1.62  1.07  1.06  1.07
2022  1.06  1.05  1.86   2.7  3.67  4.72  3.83  3.51  1.63  1.07  1.06  1.07
2023  1.06  1.05  1.87  2.73  3.72  4.78  3.87  3.54  1.63  1.06  1.06  1.07
2024  1.06  1.05  1.87  2.75  3.76  4.84  3.91  3.58  1.64  1.06  1.06  1.06
2025  1.06  1.05  1.88  2.78   3.8   4.9  3.96  3.62  1.65  1.06  1.06  1.06
NUM: 230 SAO MANOEL            Penal: 0          0
A~NO ....1 ....2 ....3 ....4 ....5 ....6 ....7 ....8 ....9 ...10 ...11 ...12
2021  -0.9  -0.9  -0.9  -0.9  -0.9  -0.9  -0.9  -0.9  -0.9  -0.9  -0.9  -0.9
2022  -0.9  -0.9  -0.9  -0.9  -0.9  -0.9  -0.9  -0.9  -0.9  -0.9  -0.9  -0.9
2023  -0.9  -0.9  -0.9  -0.9  -0.9  -0.9  -0.9  -0.9  -0.9  -0.9  -0.9  -0.9
2024  -0.9  -0.9  -0.9  -0.9  -0.9  -0.9  -0.9  -0.9  -0.9  -0.9  -0.9  -0.9
2025  -0.9  -0.9  -0.9  -0.9  -0.9  -0.9  -0.9  -0.9  -0.9  -0.9  -0.9  -0.9
NUM: 241 SLT VERDINHO          Penal: 0          0
A~NO ....1 ....2 ....3 ....4 ....5 ....6 ....7 ....8 ....9 ...10 ...11 ...12
2021  0.04  0.04  0.04  0.04  0.04  0.05  0.05  0.05  0.04  0.04  0.04  0.04
2022  0.04  0.04  0.04  0.04  0.04  0.05  0.05  0.05  0.04  0.04  0.04  0.04
2023  0.04  0.04  0.04  0.05  0.04  0.05  0.05  0.05  0.05  0.04  0.04  0.04
2024  0.04  0.04  0.04  0.05  0.04  0.05  0.05  0.05  0.05  0.04  0.04  0.04
2025  0.04  0.04  0.04  0.05  0.04  0.05  0.05  0.05  0.05  0.04  0.04  0.04
NUM: 249 OURINHOS              Penal: 0          0
A~NO ....1 ....2 ....3 ....4 ....5 ....6 ....7 ....8 ....9 ...10 ...11 ...12
2021  0.04  0.02  0.02  0.02  0.03  0.04  0.04  0.04  0.05  0.03  0.04  0.02
2022  0.04  0.02  0.02  0.02  0.03  0.04  0.04  0.04  0.05  0.03  0.04  0.02
2023  0.04  0.02  0.02  0.02  0.03  0.04  0.04  0.04  0.05  0.03  0.04  0.02
2024  0.04  0.02  0.02  0.02  0.03  0.04  0.05  0.04  0.05  0.03  0.04  0.02
2025  0.05  0.02  0.02  0.03  0.03  0.04  0.05  0.05  0.05  0.03  0.04  0.02
NUM: 251 SERRA MESA            Penal: 0          0
A~NO ....1 ....2 ....3 ....4 ....5 ....6 ....7 ....8 ....9 ...10 ...11 ...12
2021  4.17  8.14  3.03 18.52 18.75 24.01 25.46 25.77 24.03  4.71  2.51  2.52
2022  4.28  8.37  3.11 19.04 19.28  24.7 26.19 26.51 24.72  4.84  2.57  2.58
2023  4.39  8.59  3.18 19.57 19.81 25.39 26.92 27.25 25.41  4.96  2.63  2.64
2024  4.49  8.81  3.25  20.1 20.35 26.07 27.65 27.99 26.09  5.08  2.69   2.7
2025   4.6  9.04  3.33 20.62 20.88 26.76 28.38 28.73 26.78   5.2  2.75  2.75
NUM: 252 CANA BRAVA            Penal: 0          0
A~NO ....1 ....2 ....3 ....4 ....5 ....6 ....7 ....8 ....9 ...10 ...11 ...12
2021  0.11  0.11   0.1  0.13  0.14  0.15  0.15  0.15  0.14   0.1   0.1   0.1
2022  0.11  0.11   0.1  0.13  0.15  0.15  0.15  0.16  0.15   0.1  0.11  0.11
2023  0.11  0.11   0.1  0.14  0.15  0.16  0.16  0.16  0.15  0.11  0.11  0.11
2024  0.12  0.12  0.11  0.14  0.15  0.16  0.16  0.17  0.16  0.11  0.11  0.11
2025  0.12  0.12  0.11  0.14  0.16  0.16  0.16  0.17  0.16  0.11  0.11  0.11
NUM: 253 SAO SALVADOR          Penal: 0          0
A~NO ....1 ....2 ....3 ....4 ....5 ....6 ....7 ....8 ....9 ...10 ...11 ...12
2021  0.14  0.13  0.12  0.15   0.2   0.2  0.21  0.22  0.18  0.13  0.13  0.13
2022  0.14  0.13  0.13  0.15  0.21  0.21  0.22  0.22  0.19  0.13  0.13  0.13
2023  0.15  0.13  0.13  0.16  0.21  0.21  0.22  0.23  0.19  0.13  0.13  0.13
2024  0.15  0.14  0.13  0.16  0.22  0.22  0.23  0.24   0.2  0.14  0.13  0.13
2025  0.15  0.14  0.13  0.16  0.22  0.22  0.23  0.24   0.2  0.14  0.14  0.14
NUM: 257 PEIXE ANGIC           Penal: 0          0
A~NO ....1 ....2 ....3 ....4 ....5 ....6 ....7 ....8 ....9 ...10 ...11 ...12
2021  2.57  2.46  1.38  4.92  5.29  5.57  5.35  6.14  6.12  2.02  1.49  1.63
2022  2.64  2.52  1.41  5.06  5.43  5.73   5.5  6.31  6.29  2.07  1.52  1.67
2023  2.71  2.59  1.44   5.2  5.58  5.88  5.65  6.49  6.46  2.12  1.56  1.71
2024  2.77  2.65  1.47  5.33  5.72  6.03  5.79  6.66  6.63  2.17  1.59  1.75
2025  2.84  2.71   1.5  5.47  5.87  6.19  5.94  6.83   6.8  2.22  1.63  1.79
NUM: 261 LAJEADO               Penal: 0          0
A~NO ....1 ....2 ....3 ....4 ....5 ....6 ....7 ....8 ....9 ...10 ...11 ...12
2021  2.01  1.99  1.94  2.29  2.57  2.65  2.71   2.8   2.6  2.03  1.99     2
2022  2.06  2.04  1.99  2.35  2.64  2.72  2.78  2.87  2.66  2.08  2.04  2.05
2023  2.11  2.09  2.04  2.41  2.71  2.79  2.85  2.94  2.73  2.13  2.09   2.1
2024  2.16  2.14  2.09  2.46  2.77  2.86  2.92  3.02   2.8  2.18  2.14  2.15
2025  2.21  2.19  2.14  2.52  2.84  2.92  2.99  3.09  2.87  2.24  2.19   2.2
NUM: 262 SALTO                 Penal: 0          0
A~NO ....1 ....2 ....3 ....4 ....5 ....6 ....7 ....8 ....9 ...10 ...11 ...12
2021  0.26  0.26  0.25   0.4  0.35  0.61  0.63  0.64  0.37   0.3  0.25  0.25
2022  0.26  0.26  0.25   0.4  0.36  0.62  0.64  0.65  0.37   0.3  0.25  0.25
2023  0.26  0.26  0.25  0.41  0.36  0.64  0.65  0.66  0.37  0.31  0.25  0.25
2024  0.26  0.27  0.25  0.41  0.36  0.65  0.67  0.68  0.38  0.31  0.26  0.25
2025  0.26  0.27  0.25  0.42  0.37  0.66  0.68  0.69  0.38  0.31  0.26  0.25
NUM: 276 RONDON II             Penal: 0          0
A~NO ....1 ....2 ....3 ....4 ....5 ....6 ....7 ....8 ....9 ...10 ...11 ...12
2021  8.74  8.74  8.74  8.74  8.75  8.76  8.77  8.77  8.76  8.75  8.75  8.75
2022  8.74  8.75  8.75  8.75  8.76  8.77  8.77  8.78  8.77  8.76  8.76  8.76
2023  8.75  8.75  8.76  8.76  8.77  8.78  8.78  8.79  8.78  8.77  8.77  8.77
2024  8.76  8.76  8.76  8.77  8.78  8.79  8.79   8.8  8.79  8.78  8.77  8.78
2025  8.77  8.77  8.77  8.78  8.79   8.8   8.8  8.81   8.8  8.79  8.78  8.79
NUM: 281 PONTE PEDRA           Penal: 0          0
A~NO ....1 ....2 ....3 ....4 ....5 ....6 ....7 ....8 ....9 ...10 ...11 ...12
2021  9.77  9.85    10 10.36 10.49 10.54 10.64 10.87 10.66 10.49 10.03  9.82
2022  9.77  9.85    10 10.36 10.49 10.54 10.64 10.88 10.67  10.5 10.03  9.82
2023  9.77  9.85    10 10.37 10.49 10.55 10.65 10.88 10.67  10.5 10.04  9.82
2024  9.77  9.85    10 10.37  10.5 10.55 10.65 10.89 10.67  10.5 10.04  9.82
2025  9.77  9.86    10 10.37  10.5 10.56 10.65 10.89 10.68 10.51 10.04  9.82
NUM: 285 JIRAU                 Penal: 0          0
A~NO ....1 ....2 ....3 ....4 ....5 ....6 ....7 ....8 ....9 ...10 ...11 ...12
2021  96.5  96.5  96.5  96.5  96.5  96.5  96.5  96.5  96.5  96.5  96.5  96.5
2022 97.52 97.52 97.52 97.52 97.52 97.52 97.52 97.52 97.52 97.52 97.52 97.52
2023 98.54 98.54 98.54 98.54 98.54 98.54 98.54 98.54 98.54 98.54 98.54 98.54
2024 99.56 99.56 99.56 99.56 99.56 99.56 99.56 99.56 99.56 99.56 99.56 99.56
2025100.58100.58100.58100.58100.58100.58100.58100.58100.58100.58100.58100.58
NUM: 287 STO ANTONIO           Penal: 0          0
A~NO ....1 ....2 ....3 ....4 ....5 ....6 ....7 ....8 ....9 ...10 ...11 ...12
2021     0     0     0     0     0     0     0     0     0     0     0     0
2022     0     0     0     0     0     0     0     0     0     0     0     0
2023     0     0     0     0     0     0     0     0     0     0     0     0
2024     0     0     0     0     0     0     0     0     0     0     0     0
2025     0     0     0     0     0     0     0     0     0     0     0     0
NUM: 290 ESPORA                Penal: 0          0
A~NO ....1 ....2 ....3 ....4 ....5 ....6 ....7 ....8 ....9 ...10 ...11 ...12
2021  0.07  0.07  0.07   0.1  0.08  0.14  0.14  0.15  0.09  0.08  0.07  0.07
2022  0.07  0.07  0.07   0.1  0.09  0.15  0.14  0.15  0.09  0.08  0.07  0.07
2023  0.07  0.07  0.07   0.1  0.09  0.15  0.15  0.15   0.1  0.08  0.07  0.07
2024  0.07  0.07  0.07   0.1  0.09  0.15  0.15  0.15   0.1  0.08  0.07  0.07
2025  0.07  0.07  0.07   0.1  0.09  0.15  0.15  0.16   0.1  0.08  0.07  0.07
NUM: 304 ITIQUIRA I            Penal: 0          0
A~NO ....1 ....2 ....3 ....4 ....5 ....6 ....7 ....8 ....9 ...10 ...11 ...12
2021  0.22  0.22  0.22  0.22  0.34  0.48  0.55  0.59  0.28  0.31  0.22  0.22
2022  0.22  0.22  0.22  0.22  0.35  0.49  0.57  0.61  0.29  0.32  0.23  0.23
2023  0.23  0.23  0.23  0.23  0.36  0.51  0.58  0.62   0.3  0.33  0.24  0.24
2024  0.24  0.24  0.24  0.24  0.37  0.52   0.6  0.64  0.31  0.34  0.24  0.25
2025  0.24  0.24  0.24  0.24  0.38  0.53  0.61  0.65  0.31  0.35  0.25  0.25
NUM: 310 DARDANELOS            Penal: 0          0
A~NO ....1 ....2 ....3 ....4 ....5 ....6 ....7 ....8 ....9 ...10 ...11 ...12
2021 21.17 21.17 21.17 21.17 21.18 21.18 21.18 21.18 21.18 21.18 21.18 21.18
2022 21.18 21.18 21.18 21.18 21.18 21.19 21.19 21.19 21.19 21.19 21.18 21.18
2023 21.18 21.18 21.18 21.18 21.19 21.19 21.19 21.19 21.19 21.19 21.19 21.19
2024 21.19 21.19 21.19 21.19 21.19  21.2  21.2  21.2  21.2  21.2 21.19  21.2
2025 21.19 21.19 21.19 21.19  21.2  21.2  21.2  21.2  21.2  21.2  21.2  21.2
NUM: 311 CACU                  Penal: 0          0
A~NO ....1 ....2 ....3 ....4 ....5 ....6 ....7 ....8 ....9 ...10 ...11 ...12
2021  0.37  0.37  0.42   0.4  0.53  0.79  0.87  0.81  0.62  0.48  0.38  0.37
2022  0.37  0.37  0.42   0.4  0.53   0.8  0.88  0.83  0.63  0.49  0.38  0.37
2023  0.37  0.37  0.43   0.4  0.54  0.81   0.9  0.84  0.64  0.49  0.39  0.37
2024  0.37  0.37  0.43   0.4  0.54  0.82  0.91  0.85  0.65   0.5  0.39  0.37
2025  0.37  0.37  0.43  0.41  0.55  0.84  0.93  0.87  0.65   0.5  0.39  0.37
NUM: 312 B. COQUEIROS          Penal: 0          0
A~NO ....1 ....2 ....3 ....4 ....5 ....6 ....7 ....8 ....9 ...10 ...11 ...12
2021  0.02  0.02  0.02  0.02  0.02  0.02  0.02  0.02  0.02  0.02  0.02  0.02
2022  0.02  0.02  0.02  0.02  0.02  0.02  0.02  0.02  0.03  0.02  0.02  0.02
2023  0.02  0.02  0.02  0.02  0.02  0.02  0.02  0.03  0.03  0.02  0.02  0.02
2024  0.02  0.02  0.02  0.02  0.02  0.02  0.03  0.03  0.03  0.02  0.02  0.02
2025  0.02  0.02  0.02  0.02  0.02  0.02  0.03  0.03  0.03  0.02  0.02  0.02
NUM: 315 FOZ R. CLARO          Penal: 0          0
A~NO ....1 ....2 ....3 ....4 ....5 ....6 ....7 ....8 ....9 ...10 ...11 ...12
2021  0.05  0.04  0.04  0.05  0.05  0.06  0.06  0.06  0.06  0.05  0.06  0.04
2022  0.05  0.04  0.04  0.05  0.05  0.06  0.06  0.06  0.06  0.05  0.06  0.04
2023  0.05  0.05  0.04  0.05  0.05  0.06  0.06  0.06  0.06  0.05  0.06  0.04
2024  0.05  0.05  0.04  0.05  0.05  0.06  0.07  0.06  0.06  0.05  0.06  0.04
2025  0.05  0.05  0.05  0.05  0.06  0.06  0.07  0.06  0.06  0.05  0.06  0.04
NUM: 117 GUARAPIRANGA          Penal: 0          0
A~NO ....1 ....2 ....3 ....4 ....5 ....6 ....7 ....8 ....9 ...10 ...11 ...12
2021 10.29 10.29 10.29  10.3 10.29 10.31 10.31 10.31  10.3 10.29 10.31  10.3
2022 10.29 10.29  10.3 10.31  10.3 10.32 10.32 10.31 10.31  10.3 10.32  10.3
2023  10.3  10.3  10.3 10.32  10.3 10.32 10.32 10.32 10.31 10.31 10.33 10.31
2024 10.31 10.31 10.31 10.32 10.31 10.33 10.33 10.33 10.32 10.31 10.33 10.31
2025 10.31 10.31 10.31 10.33 10.32 10.33 10.34 10.33 10.32 10.32 10.34 10.32
NUM: 118 BILLINGS              Penal: 0          0
A~NO ....1 ....2 ....3 ....4 ....5 ....6 ....7 ....8 ....9 ...10 ...11 ...12
2021  5.81  5.82  5.83  5.87  5.84  5.93  5.92  5.92  5.85  5.85  5.97  5.87
2022  5.86  5.86  5.87  5.92  5.87  5.96  5.96  5.96   5.9   5.9  6.02  5.91
2023  5.91  5.91  5.91  5.96  5.92  6.01     6  6.01  5.95  5.94  6.06  5.97
2024  5.95  5.96  5.97  6.01  5.97  6.06  6.05  6.06  5.99  5.99   6.1     6
2025     6     6     6  6.05  6.01   6.1  6.09   6.1  6.04  6.04  6.15  6.05
NUM: 120 JAGUARI               Penal: 0          0
A~NO ....1 ....2 ....3 ....4 ....5 ....6 ....7 ....8 ....9 ...10 ...11 ...12
2021   0.3   0.3   0.3   0.4   0.3   0.4   0.4   0.4   0.4   0.3   0.3   0.3
2022   0.3   0.3   0.3   0.4   0.3   0.4   0.4   0.4   0.4   0.3   0.3   0.3
2023   0.3   0.3   0.3   0.4   0.3   0.4   0.4   0.4   0.4   0.3   0.3   0.3
2024   0.3   0.3   0.3   0.4   0.3   0.4   0.4   0.4   0.4   0.3   0.3   0.3
2025   0.3   0.3   0.3   0.4   0.3   0.4   0.4   0.4   0.4   0.3   0.3   0.3
NUM: 121 PARAIBUNA             Penal: 0          0
A~NO ....1 ....2 ....3 ....4 ....5 ....6 ....7 ....8 ....9 ...10 ...11 ...12
2021   0.4   0.4   0.4   0.5   0.5   0.5   0.5   0.6   0.5   0.4   0.4   0.4
2022   0.4   0.4   0.4   0.5   0.5   0.5   0.5   0.6   0.5   0.4   0.4   0.4
2023   0.4   0.4   0.4   0.5   0.5   0.5   0.5   0.6   0.5   0.4   0.4   0.4
2024   0.4   0.4   0.4   0.5   0.5   0.5   0.5   0.6   0.5   0.4   0.4   0.4
2025   0.4   0.4   0.4   0.5   0.5   0.5   0.5   0.6   0.5   0.4   0.4   0.4
NUM: 122 SANTA BRANCA          Penal: 0          0
A~NO ....1 ....2 ....3 ....4 ....5 ....6 ....7 ....8 ....9 ...10 ...11 ...12
2021   0.1   0.1   0.1   0.1   0.1   0.1   0.1   0.2   0.1   0.1   0.1   0.1
2022   0.1   0.1   0.1   0.1   0.1   0.1   0.1   0.2   0.1   0.1   0.1   0.1
2023   0.1   0.1   0.1   0.1   0.1   0.1   0.1   0.2   0.1   0.1   0.1   0.1
2024   0.1   0.1   0.1   0.1   0.1   0.1   0.1   0.2   0.1   0.1   0.1   0.1
2025   0.1   0.1   0.1   0.1   0.1   0.1   0.1   0.2   0.1   0.1   0.1   0.1
NUM: 123 FUNIL                 Penal: 0          0
A~NO ....1 ....2 ....3 ....4 ....5 ....6 ....7 ....8 ....9 ...10 ...11 ...12
2021   4.7   4.4     4   6.7     6   6.6   7.2   8.1   6.8   4.3   4.3   4.7
2022   4.7   4.4     4   6.7     6   6.6   7.2   8.1   6.8   4.3   4.3   4.7
2023   4.7   4.4     4   6.7     6   6.6   7.2   8.1   6.8   4.3   4.3   4.7
2024   4.7   4.4     4   6.7     6   6.6   7.2   8.1   6.8   4.3   4.3   4.7
2025   4.7   4.4     4   6.7     6   6.6   7.2   8.1   6.8   4.3   4.3   4.7
NUM: 124 LAJES                 Penal: 0          0
A~NO ....1 ....2 ....3 ....4 ....5 ....6 ....7 ....8 ....9 ...10 ...11 ...12
2021     0     0     0     0     0     0     0     0     0     0     0     0
2022     0     0     0     0     0     0     0     0     0     0     0     0
2023     0     0     0     0     0     0     0     0     0     0     0     0
2024     0     0     0     0     0     0     0     0     0     0     0     0
2025     0     0     0     0     0     0     0     0     0     0     0     0
NUM: 126 PICADA                Penal: 0          0
A~NO ....1 ....2 ....3 ....4 ....5 ....6 ....7 ....8 ....9 ...10 ...11 ...12
2021   2.1   2.1   2.1   2.1   2.1   2.1   2.1   2.1   2.1   2.1   2.1   2.1
2022   2.1   2.1   2.1   2.1   2.1   2.1   2.1   2.1   2.1   2.1   2.1   2.1
2023   2.1   2.1   2.1   2.1   2.1   2.1   2.1   2.1   2.1   2.1   2.1   2.1
2024   2.1   2.1   2.1   2.1   2.1   2.1   2.1   2.1   2.1   2.1   2.1   2.1
2025   2.1   2.1   2.1   2.1   2.1   2.1   2.1   2.1   2.1   2.1   2.1   2.1
NUM: 127 SOBRAGI               Penal: 0          0
A~NO ....1 ....2 ....3 ....4 ....5 ....6 ....7 ....8 ....9 ...10 ...11 ...12
2021   0.6   0.6   0.6   0.6   0.6   0.6   0.6   0.7   0.6   0.6   0.6   0.6
2022   0.6   0.6   0.6   0.6   0.6   0.6   0.6   0.7   0.6   0.6   0.6   0.6
2023   0.6   0.6   0.6   0.6   0.6   0.6   0.6   0.7   0.6   0.6   0.6   0.6
2024   0.6   0.6   0.6   0.6   0.6   0.6   0.6   0.7   0.6   0.6   0.6   0.6
2025   0.6   0.6   0.6   0.6   0.6   0.6   0.6   0.7   0.6   0.6   0.6   0.6
NUM: 129 SIMPLICIO             Penal: 0          0
A~NO ....1 ....2 ....3 ....4 ....5 ....6 ....7 ....8 ....9 ...10 ...11 ...12
2021   1.3   1.3   1.2   2.8   3.2   3.4   3.6   4.6   3.2   2.2   1.2   1.2
2022   1.3   1.3   1.2   2.8   3.2   3.4   3.6   4.6   3.2   2.2   1.2   1.2
2023   1.3   1.3   1.2   2.8   3.2   3.4   3.6   4.6   3.2   2.2   1.2   1.2
2024   1.3   1.3   1.2   2.8   3.2   3.4   3.6   4.6   3.2   2.2   1.2   1.2
2025   1.3   1.3   1.2   2.8   3.2   3.4   3.6   4.6   3.2   2.2   1.2   1.2
NUM: 130 ILHA POMBOS           Penal: 0          0
A~NO ....1 ....2 ....3 ....4 ....5 ....6 ....7 ....8 ....9 ...10 ...11 ...12
2021   0.4   0.4   0.3   1.8   2.2   2.2   2.2   3.1   2.2   1.3   0.2   0.3
2022   0.4   0.4   0.3   1.8   2.2   2.2   2.2   3.1   2.2   1.3   0.2   0.3
2023   0.4   0.4   0.3   1.8   2.2   2.2   2.2   3.1   2.2   1.3   0.2   0.3
2024   0.4   0.4   0.3   1.8   2.2   2.2   2.2   3.1   2.2   1.3   0.2   0.3
2025   0.4   0.4   0.3   1.8   2.2   2.2   2.2   3.1   2.2   1.3   0.2   0.3
NUM: 133 P. PASSOS             Penal: 0          0
A~NO ....1 ....2 ....3 ....4 ....5 ....6 ....7 ....8 ....9 ...10 ...11 ...12
2021   5.5   5.5   5.5   5.5   5.5   5.5   5.5   5.5   5.5   5.5   5.5   5.5
2022   5.5   5.5   5.5   5.5   5.5   5.5   5.5   5.5   5.5   5.5   5.5   5.5
2023   5.5   5.5   5.5   5.5   5.5   5.5   5.5   5.5   5.5   5.5   5.5   5.5
2024   5.5   5.5   5.5   5.5   5.5   5.5   5.5   5.5   5.5   5.5   5.5   5.5
2025   5.5   5.5   5.5   5.5   5.5   5.5   5.5   5.5   5.5   5.5   5.5   5.5
NUM: 134 SALTO GRANDE          Penal: 0          0
A~NO ....1 ....2 ....3 ....4 ....5 ....6 ....7 ....8 ....9 ...10 ...11 ...12
2021  3.17  3.25  3.24  3.33  3.34  3.32  3.32  3.37  3.35  3.26  3.17  3.17
2022  3.17  3.25  3.24  3.33  3.34  3.32  3.33  3.37  3.36  3.26  3.17  3.17
2023  3.17  3.25  3.24  3.33  3.34  3.32  3.33  3.38  3.36  3.26  3.17  3.17
2024  3.17  3.25  3.24  3.33  3.34  3.32  3.33  3.38  3.36  3.26  3.17  3.17
2025  3.17  3.25  3.24  3.33  3.34  3.32  3.33  3.38  3.36  3.26  3.17  3.17
NUM: 135 P. ESTRELA            Penal: 0          0
A~NO ....1 ....2 ....3 ....4 ....5 ....6 ....7 ....8 ....9 ...10 ...11 ...12
2021 -2.99 -2.98 -2.98 -2.97 -2.97 -2.97 -2.97 -2.97 -2.97 -2.98 -2.99 -2.99
2022 -2.99 -2.98 -2.98 -2.97 -2.97 -2.97 -2.97 -2.97 -2.97 -2.98 -2.99 -2.99
2023 -2.99 -2.98 -2.98 -2.97 -2.97 -2.97 -2.97 -2.97 -2.97 -2.98 -2.99 -2.99
2024 -2.99 -2.98 -2.98 -2.97 -2.97 -2.97 -2.97 -2.97 -2.97 -2.98 -2.99 -2.99
2025 -2.99 -2.98 -2.98 -2.97 -2.97 -2.97 -2.97 -2.97 -2.97 -2.98 -2.99 -2.99
NUM: 139 CANDONGA              Penal: 0          0
A~NO ....1 ....2 ....3 ....4 ....5 ....6 ....7 ....8 ....9 ...10 ...11 ...12
2021  0.73  0.81  0.83  1.29  1.31  1.31  1.32  1.51  1.29  0.94  0.73  0.73
2022  0.73  0.82  0.84   1.3  1.32  1.31  1.32  1.52  1.29  0.95  0.73  0.74
2023  0.73  0.82  0.84   1.3  1.33  1.32  1.33  1.53   1.3  0.95  0.74  0.74
2024  0.74  0.82  0.84  1.31  1.33  1.33  1.34  1.54   1.3  0.96  0.74  0.74
2025  0.74  0.83  0.85  1.32  1.34  1.33  1.34  1.54  1.31  0.96  0.75  0.75
NUM: 143 AIMORES               Penal: 0          0
A~NO ....1 ....2 ....3 ....4 ....5 ....6 ....7 ....8 ....9 ...10 ...11 ...12
2021 17.12 18.34 17.88 18.83 18.97 18.78 18.76 19.46 19.22 18.26 17.07 17.07
2022 17.13 18.35 17.89 18.84 18.99 18.79 18.77 19.47 19.23 18.27 17.07 17.07
2023 17.13 18.36 17.89 18.85    19  18.8 18.78 19.48 19.24 18.28 17.08 17.07
2024 17.13 18.36  17.9 18.86 19.01 18.81 18.79  19.5 19.26 18.28 17.08 17.08
2025 17.13 18.37  17.9 18.87 19.02 18.82  18.8 19.51 19.27 18.29 17.08 17.08
NUM: 144 MASCARENHAS           Penal: 0          0
A~NO ....1 ....2 ....3 ....4 ....5 ....6 ....7 ....8 ....9 ...10 ...11 ...12
2021-15.35-13.56-14.38 -13.4-13.42-13.58-13.61-12.93-13.09-14.22-15.46-15.49
2022-15.35-13.55-14.38-13.39-13.41-13.57 -13.6-12.91-13.07-14.21-15.46-15.49
2023-15.34-13.54-14.37-13.38 -13.4-13.56-13.59 -12.9-13.06 -14.2-15.46-15.49
2024-15.34-13.53-14.37-13.37-13.39-13.55-13.58-12.89-13.05 -14.2-15.46-15.49
2025-15.34-13.52-14.36-13.36-13.38-13.54-13.57-12.87-13.04-14.19-15.46-15.48
NUM: 192 GUILMAN-AMOR          Penal: 0          0
A~NO ....1 ....2 ....3 ....4 ....5 ....6 ....7 ....8 ....9 ...10 ...11 ...12
2021  1.36  1.39  1.39  1.46  1.46  1.46  1.46  1.49  1.47  1.42  1.37  1.37
2022  1.37  1.39   1.4  1.47  1.46  1.46  1.46  1.49  1.47  1.42  1.37  1.37
2023  1.37   1.4   1.4  1.47  1.47  1.47  1.47   1.5  1.48  1.43  1.38  1.38
2024  1.38   1.4  1.41  1.48  1.48  1.47  1.47   1.5  1.48  1.43  1.38  1.38
2025  1.38  1.41  1.41  1.48  1.48  1.48  1.48  1.51  1.49  1.44  1.38  1.39
NUM: 193 SA CARVALHO           Penal: 0          0
A~NO ....1 ....2 ....3 ....4 ....5 ....6 ....7 ....8 ....9 ...10 ...11 ...12
2021  -0.8  -0.8  -0.8 -0.79 -0.79 -0.79 -0.79 -0.79 -0.79 -0.79  -0.8  -0.8
2022  -0.8  -0.8  -0.8 -0.79 -0.79 -0.79 -0.79 -0.79 -0.79 -0.79  -0.8  -0.8
2023  -0.8  -0.8  -0.8 -0.79 -0.79 -0.79 -0.79 -0.79 -0.79 -0.79  -0.8  -0.8
2024  -0.8  -0.8  -0.8 -0.79 -0.79 -0.79 -0.79 -0.79 -0.79 -0.79  -0.8  -0.8
2025  -0.8  -0.8  -0.8 -0.79 -0.79 -0.79 -0.79 -0.79 -0.79 -0.79  -0.8  -0.8
NUM: 217 ROSAL                 Penal: 0          0
A~NO ....1 ....2 ....3 ....4 ....5 ....6 ....7 ....8 ....9 ...10 ...11 ...12
2021  2.21  2.24  2.22  2.26  2.29  2.29  2.28  2.32   2.3  2.25  2.21  2.21
2022  2.21  2.25  2.22  2.27  2.29  2.29  2.29  2.32   2.3  2.26  2.21  2.21
2023  2.21  2.25  2.22  2.27  2.29  2.29  2.29  2.32   2.3  2.26  2.22  2.22
2024  2.21  2.25  2.22  2.27  2.29   2.3  2.29  2.32  2.31  2.26  2.22  2.22
2025  2.22  2.25  2.23  2.27  2.29   2.3  2.29  2.33  2.31  2.26  2.22  2.22
NUM: 279 SAMUEL                Penal: 0          0
A~NO ....1 ....2 ....3 ....4 ....5 ....6 ....7 ....8 ....9 ...10 ...11 ...12
2021  0.35  0.35  0.35  0.35  0.36  0.37  0.37  0.38  0.37  0.37  0.37  0.37
2022  0.36  0.36  0.36  0.37  0.37  0.38  0.39  0.39  0.38  0.38  0.38  0.38
2023  0.37  0.37  0.38  0.38  0.39  0.39   0.4   0.4   0.4  0.39  0.39  0.39
2024  0.38  0.39  0.39  0.39   0.4  0.41  0.41  0.41  0.41   0.4   0.4   0.4
2025  0.39   0.4   0.4   0.4  0.41  0.42  0.42  0.43  0.42  0.41  0.41  0.41
NUM: 148 IRAPE                 Penal: 0          0
A~NO ....1 ....2 ....3 ....4 ....5 ....6 ....7 ....8 ....9 ...10 ...11 ...12
2021  0.13  0.27  0.24  0.39  0.43  0.41  0.42  0.53  0.52  0.37  0.13  0.13
2022  0.13  0.27  0.24  0.39  0.44  0.41  0.42  0.54  0.53  0.38  0.13  0.13
2023  0.13  0.28  0.25   0.4  0.45  0.42  0.43  0.55  0.54  0.38  0.13  0.13
2024  0.13  0.28  0.25  0.41  0.46  0.43  0.44  0.56  0.55  0.39  0.13  0.13
2025  0.13  0.28  0.25  0.41  0.46  0.43  0.44  0.57  0.56   0.4  0.13  0.13
NUM: 283 STA CLARA MG          Penal: 0          0
A~NO ....1 ....2 ....3 ....4 ....5 ....6 ....7 ....8 ....9 ...10 ...11 ...12
2021  0.63  1.01  0.82  1.07  1.16   1.1  1.03  1.32  1.36  1.03  0.59  0.57
2022  0.63  1.03  0.83  1.09  1.18  1.11  1.04  1.34  1.38  1.04  0.59  0.57
2023  0.64  1.04  0.84   1.1  1.19  1.12  1.06  1.36   1.4  1.05  0.59  0.58
2024  0.64  1.05  0.84  1.11   1.2  1.14  1.07  1.38  1.42  1.06  0.59  0.58
2025  0.64  1.06  0.85  1.12  1.22  1.15  1.08   1.4  1.44  1.08   0.6  0.58
NUM:   1 CAMARGOS              Penal: 0          0
A~NO ....1 ....2 ....3 ....4 ....5 ....6 ....7 ....8 ....9 ...10 ...11 ...12
2021  0.22  0.17  0.41   0.5  0.24   0.5   0.5  0.39  0.52  0.18  0.21  0.18
2022  0.22  0.17  0.42  0.51  0.25  0.51  0.51   0.4  0.53  0.18  0.21  0.18
2023  0.22  0.17  0.42  0.52  0.25  0.52  0.52   0.4  0.54  0.18  0.21  0.18
2024  0.23  0.18  0.43  0.53  0.25  0.53  0.53  0.41  0.55  0.18  0.22  0.18
2025  0.23  0.18  0.44  0.54  0.25  0.54  0.54  0.42  0.56  0.18  0.22  0.19
NUM:   6 FURNAS                Penal: 0          0
A~NO ....1 ....2 ....3 ....4 ....5 ....6 ....7 ....8 ....9 ...10 ...11 ...12
2021  3.07  2.94   6.4  9.91   3.9  11.9 12.24  10.4 10.46  3.08  8.08  2.95
2022   3.1  2.97  6.52 10.13  3.96 12.17 12.52 10.63 10.69  3.11  8.25  2.98
2023  3.14     3  6.64 10.35  4.01 12.44  12.8 10.86 10.92  3.15  8.41  3.01
2024  3.17  3.03  6.77 10.57  4.07 12.72 13.09 11.09 11.16  3.18  8.58  3.04
2025   3.2  3.06  6.89 10.78  4.13 12.99 13.37 11.33 11.39  3.21  8.75  3.07
NUM:   7 M. DE MORAES          Penal: 0          0
A~NO ....1 ....2 ....3 ....4 ....5 ....6 ....7 ....8 ....9 ...10 ...11 ...12
2021  0.57  0.57  1.12  0.98  0.75   1.3  1.37  1.16  1.45  0.58  0.68  0.58
2022  0.58  0.58  1.14  0.99  0.76  1.32   1.4  1.18  1.48  0.59  0.68  0.58
2023  0.58  0.58  1.16  1.01  0.77  1.35  1.42   1.2  1.51  0.59  0.69  0.59
2024  0.59  0.59  1.18  1.03  0.78  1.37  1.45  1.23  1.54   0.6   0.7   0.6
2025  0.59  0.59   1.2  1.04  0.79   1.4  1.48  1.25  1.57  0.61  0.71   0.6
NUM:   8 ESTREITO              Penal: 0          0
A~NO ....1 ....2 ....3 ....4 ....5 ....6 ....7 ....8 ....9 ...10 ...11 ...12
2021  0.07  0.07  0.16  0.15  0.19  0.38  0.42  0.29   0.4  0.07  0.07  0.07
2022  0.07  0.07  0.16  0.15   0.2  0.39  0.43   0.3  0.41  0.07  0.07  0.07
2023  0.07  0.07  0.16  0.16   0.2   0.4  0.44  0.31  0.42  0.07  0.07  0.07
2024  0.07  0.07  0.17  0.16   0.2  0.41  0.45  0.31  0.43  0.07  0.07  0.07
2025  0.07  0.07  0.17  0.16  0.21  0.42  0.46  0.32  0.44  0.07  0.07  0.07
NUM:   9 JAGUARA               Penal: 0          0
A~NO ....1 ....2 ....3 ....4 ....5 ....6 ....7 ....8 ....9 ...10 ...11 ...12
2021  0.03  0.03  0.16  0.17  0.17  0.38  0.41  0.27  0.35  0.03  0.03  0.03
2022  0.03  0.03  0.16  0.18  0.18  0.39  0.43  0.28  0.36  0.03  0.03  0.03
2023  0.03  0.03  0.16  0.18  0.18   0.4  0.44  0.29  0.36  0.03  0.03  0.03
2024  0.03  0.03  0.17  0.18  0.19  0.41  0.45  0.29  0.37  0.03  0.03  0.03
2025  0.03  0.03  0.17  0.19  0.19  0.42  0.46   0.3  0.38  0.03  0.03  0.03
NUM:  10 IGARAPAVA             Penal: 0          0
A~NO ....1 ....2 ....3 ....4 ....5 ....6 ....7 ....8 ....9 ...10 ...11 ...12
2021  0.11  0.11  0.27  0.24  0.27  0.48  0.52  0.36   0.5  0.11  0.11  0.11
2022  0.11  0.11  0.27  0.24  0.27  0.49  0.53  0.37  0.51  0.12  0.11  0.11
2023  0.11  0.11  0.28  0.25  0.28   0.5  0.54  0.38  0.52  0.12  0.11  0.11
2024  0.11  0.11  0.28  0.25  0.28  0.51  0.56  0.39  0.53  0.12  0.11  0.11
2025  0.11  0.11  0.29  0.26  0.29  0.52  0.57  0.39  0.55  0.12  0.12  0.11
NUM:  11 VOLTA GRANDE          Penal: 0          0
A~NO ....1 ....2 ....3 ....4 ....5 ....6 ....7 ....8 ....9 ...10 ...11 ...12
2021  0.17  0.18  1.43  2.14  1.86  3.38   3.6  2.84  3.66  0.71  0.65  0.18
2022  0.18  0.18  1.47   2.2  1.91  3.47  3.69  2.92  3.75  0.73  0.66  0.18
2023  0.18  0.18   1.5  2.25  1.96  3.56  3.79  2.99  3.85  0.75  0.67  0.18
2024  0.18  0.18  1.54  2.31     2  3.65  3.88  3.06  3.95  0.76  0.69  0.18
2025  0.18  0.18  1.57  2.36  2.05  3.73  3.97  3.14  4.04  0.78   0.7  0.18
NUM:  12 P. COLOMBIA           Penal: 0          0
A~NO ....1 ....2 ....3 ....4 ....5 ....6 ....7 ....8 ....9 ...10 ...11 ...12
2021  1.53  1.39  5.51  8.39  8.53    14 14.81 12.69 15.49  4.17  4.96  1.41
2022  1.55  1.41  5.64  8.59  8.74 14.36 15.19 13.01 15.89  4.27  5.07  1.43
2023  1.57  1.43  5.77   8.8  8.96 14.72 15.57 13.34 16.29  4.36  5.19  1.45
2024  1.59  1.45   5.9  9.01  9.17 15.08 15.95 13.66 16.69  4.46   5.3  1.47
2025  1.62  1.47  6.03  9.22  9.38 15.44 16.34 13.99 17.09  4.55  5.42  1.49
NUM:  14 CACONDE               Penal: 0          0
A~NO ....1 ....2 ....3 ....4 ....5 ....6 ....7 ....8 ....9 ...10 ...11 ...12
2021  0.39  0.39  0.57  1.08  0.43  1.94  2.03   1.6  1.37   0.4  1.21   0.4
2022   0.4   0.4  0.58  1.11  0.43  1.99  2.08  1.64   1.4   0.4  1.23   0.4
2023   0.4   0.4  0.59  1.13  0.44  2.04  2.13  1.68  1.43  0.41  1.26  0.41
2024  0.41  0.41   0.6  1.15  0.44  2.08  2.18  1.72  1.46  0.41  1.29  0.41
2025  0.41  0.41   0.6  1.18  0.45  2.13  2.23  1.75  1.49  0.42  1.31  0.42
NUM:  15 E. DA CUNHA           Penal: 0          0
A~NO ....1 ....2 ....3 ....4 ....5 ....6 ....7 ....8 ....9 ...10 ...11 ...12
2021  0.26  0.26  1.16  1.88  0.71  2.84  3.09  2.52  2.79  0.27  1.05  0.26
2022  0.26  0.26  1.19  1.92  0.73  2.92  3.17  2.58  2.86  0.28  1.07  0.27
2023  0.27  0.27  1.22  1.97  0.74  2.99  3.25  2.64  2.93  0.28   1.1  0.27
2024  0.27  0.27  1.24  2.01  0.76  3.06  3.33  2.71     3  0.28  1.12  0.27
2025  0.27  0.27  1.27  2.06  0.77  3.13  3.41  2.77  3.08  0.29  1.15  0.27
NUM:  16 A.S.OLIVEIRA          Penal: 0          0
A~NO ....1 ....2 ....3 ....4 ....5 ....6 ....7 ....8 ....9 ...10 ...11 ...12
2021  0.01  0.01  0.09  0.11  0.04  0.17  0.18  0.15  0.17  0.01  0.06  0.01
2022  0.01  0.01  0.09  0.12  0.05  0.17  0.19  0.16  0.18  0.01  0.06  0.01
2023  0.01  0.01  0.09  0.12  0.05  0.17  0.19  0.16  0.18  0.01  0.06  0.01
2024  0.01  0.01  0.09  0.12  0.05  0.18   0.2  0.16  0.18  0.01  0.06  0.01
2025  0.01  0.01  0.09  0.12  0.05  0.18   0.2  0.17  0.19  0.01  0.06  0.01
NUM:  17 MARIMBONDO            Penal: 0          0
A~NO ....1 ....2 ....3 ....4 ....5 ....6 ....7 ....8 ....9 ...10 ...11 ...12
2021  8.98   6.1 23.37 49.46 32.34 72.37 78.33 69.42 77.75 18.51 41.98  6.17
2022  9.14  6.18 23.91 50.71 33.13 74.24 80.36 71.21 79.76 18.92 43.03  6.25
2023   9.3  6.26 24.46 51.96 33.91 76.11 82.39    73 81.78 19.33 44.08  6.33
2024  9.45  6.34    25 53.21  34.7 77.98 84.42 74.79 83.79 19.74 45.12  6.41
2025  9.61  6.42 25.55 54.46 35.49 79.85 86.45 76.58 85.81 20.16 46.17  6.49
NUM:  18 A. VERMELHA           Penal: 0          0
A~NO ....1 ....2 ....3 ....4 ....5 ....6 ....7 ....8 ....9 ...10 ...11 ...12
2021  3.41  2.47  2.98  8.77  9.01    14 15.03 11.59 14.69  5.22  8.48   2.5
2022  3.47  2.49  3.02  8.97  9.21 14.34  15.4 11.86 15.04  5.32  8.67  2.52
2023  3.52  2.52  3.06  9.16  9.42 14.68 15.76 12.13  15.4  5.42  8.85  2.55
2024  3.57  2.55   3.1  9.36  9.62 15.02 16.13 12.41 15.76  5.52  9.04  2.58
2025  3.62  2.57  3.14  9.56  9.82 15.36  16.5 12.68 16.11  5.62  9.23   2.6
NUM:  34 I. SOLTEIRA           Penal: 0          0
A~NO ....1 ....2 ....3 ....4 ....5 ....6 ....7 ....8 ....9 ...10 ...11 ...12
2021   3.1  2.43  2.41  3.84  4.14  5.61  5.79  5.23  4.57  3.52  4.92  1.87
2022  3.14  2.45  2.43   3.9  4.21  5.71   5.9  5.33  4.65  3.58     5  1.87
2023  3.18  2.47  2.45  3.96  4.28  5.82  6.02  5.43  4.73  3.63  5.09  1.88
2024  3.22   2.5  2.47  4.03  4.35  5.93  6.13  5.53  4.81  3.68  5.18  1.89
2025  3.26  2.52  2.49  4.09  4.42  6.04  6.24  5.63  4.89  3.73  5.27  1.89
NUM:  24 EMBORCACAO            Penal: 0          0
A~NO ....1 ....2 ....3 ....4 ....5 ....6 ....7 ....8 ....9 ...10 ...11 ...12
2021  0.74  0.83  4.11 11.32  6.96 17.54 17.62 13.43 23.54  7.37  0.78  0.96
2022  0.75  0.84  4.23 11.68  7.17 18.11 18.19 13.86  24.3   7.6  0.78  0.97
2023  0.75  0.85  4.35 12.04  7.39 18.67 18.75 14.29 25.07  7.83  0.79  0.99
2024  0.76  0.86  4.47 12.39   7.6 19.24 19.32 14.72 25.83  8.05   0.8     1
2025  0.77  0.87  4.59 12.75  7.81  19.8 19.89 15.15 26.59  8.28  0.81  1.02
NUM:  25 NOVA PONTE            Penal: 0          0
A~NO ....1 ....2 ....3 ....4 ....5 ....6 ....7 ....8 ....9 ...10 ...11 ...12
2021   0.7   0.7  2.33  1.92  1.68  4.41  5.07  3.38  5.92  1.55  0.71  0.71
2022  0.71  0.71  2.39  1.97  1.72  4.54  5.22  3.47   6.1  1.59  0.72  0.72
2023  0.72  0.72  2.45  2.02  1.76  4.67  5.38  3.57  6.28  1.62  0.73  0.73
2024  0.72  0.73  2.51  2.06   1.8   4.8  5.53  3.67  6.46  1.66  0.73  0.74
2025  0.73  0.73  2.57  2.11  1.84  4.93  5.68  3.76  6.64  1.69  0.74  0.74
NUM:  26 MIRANDA               Penal: 0          0
A~NO ....1 ....2 ....3 ....4 ....5 ....6 ....7 ....8 ....9 ...10 ...11 ...12
2021  0.06  0.06  0.24  1.27  1.54  3.47  3.59  2.56  3.83  0.23  0.07  0.06
2022  0.06  0.06  0.25  1.31  1.59  3.58  3.71  2.65  3.95  0.24  0.07  0.06
2023  0.06  0.06  0.25  1.35  1.64  3.69  3.82  2.73  4.08  0.25  0.07  0.06
2024  0.06  0.06  0.26  1.39  1.69  3.81  3.94  2.81   4.2  0.25  0.07  0.06
2025  0.06  0.06  0.27  1.43  1.74  3.92  4.06  2.89  4.33  0.26  0.07  0.06
NUM:  30 CORUMBA I             Penal: 0          0
A~NO ....1 ....2 ....3 ....4 ....5 ....6 ....7 ....8 ....9 ...10 ...11 ...12
2021  0.67  0.67  2.21  5.08  5.53  6.53  7.79  8.39  7.71  1.55  0.68  0.68
2022  0.68  0.68  2.27  5.23  5.69  6.73  8.03  8.65  7.95  1.59  0.69  0.69
2023  0.69  0.69  2.32  5.38  5.86  6.94  8.28  8.91  8.19  1.62  0.69   0.7
2024  0.69  0.69  2.38  5.53  6.03  7.14  8.52  9.18  8.43  1.66   0.7   0.7
2025   0.7   0.7  2.44  5.69   6.2  7.34  8.76  9.44  8.67   1.7  0.71  0.71
NUM:  31 ITUMBIARA             Penal: 0          0
A~NO ....1 ....2 ....3 ....4 ....5 ....6 ....7 ....8 ....9 ...10 ...11 ...12
2021  1.75   5.9  7.56 11.75 11.64  17.4 17.75 14.56 18.59  7.38  3.55  1.84
2022  1.78  6.07  7.78 12.11 11.99 17.94  18.3 15.01 19.17  7.59  3.64  1.87
2023  1.81  6.23     8 12.47 12.35 18.49 18.86 15.46 19.76  7.81  3.72   1.9
2024  1.83   6.4  8.22 12.83 12.71 19.04 19.42 15.92 20.35  8.02  3.81  1.93
2025  1.86  6.57  8.44 13.19 13.06 19.58 19.98 16.37 20.93  8.23   3.9  1.96
NUM:  32 CACH.DOURADA          Penal: 0          0
A~NO ....1 ....2 ....3 ....4 ....5 ....6 ....7 ....8 ....9 ...10 ...11 ...12
2021   0.3  0.35  0.39  1.43  3.27  4.53  4.65  3.14  4.59  0.89  0.32  0.31
2022   0.3  0.35   0.4  1.48  3.38  4.68   4.8  3.24  4.73  0.91  0.32  0.31
2023  0.31  0.36  0.41  1.52  3.48  4.82  4.95  3.34  4.88  0.93  0.33  0.31
2024  0.31  0.36  0.41  1.56  3.58  4.96   5.1  3.43  5.03  0.96  0.33  0.32
2025  0.32  0.37  0.42   1.6  3.68  5.11  5.24  3.53  5.17  0.98  0.33  0.32
NUM:  33 SAO SIMAO             Penal: 0          0
A~NO ....1 ....2 ....3 ....4 ....5 ....6 ....7 ....8 ....9 ...10 ...11 ...12
2021  8.01  6.42 13.33 22.81 33.75 46.01 48.59 51.35 43.81 16.77  6.49  5.54
2022  8.16  6.52 13.66 23.46 34.76 47.42 50.08 52.94 45.15 17.21  6.59  5.61
2023  8.31  6.62 13.99  24.1 35.76 48.84 51.58 54.53 46.49 17.66  6.69  5.68
2024  8.47  6.72 14.32 24.74 36.77 50.25 53.08 56.12 47.83  18.1   6.8  5.76
2025  8.62  6.82 14.65 25.39 37.78 51.66 54.58 57.71 49.17 18.54   6.9  5.83
NUM:  37 BARRA BONITA          Penal: 0          0
A~NO ....1 ....2 ....3 ....4 ....5 ....6 ....7 ....8 ....9 ...10 ...11 ...12
2021 31.28 29.28 30.12 36.42 30.83 37.27 38.24 38.36 35.06 30.41 41.57  29.8
2022 31.81 29.81 30.66 36.94 31.37 37.78 38.75 38.87  35.6 30.96 42.08 30.33
2023 32.33 30.34 31.18 37.45  31.9  38.3 39.28 39.39 36.13 31.51 42.61 30.88
2024 32.86 30.88 31.72 37.98 32.44 38.82  39.8  39.9 36.66 32.04 43.12 31.43
2025 33.39 31.41 32.26  38.5 32.96 39.33 40.32 40.42 37.18 32.58 43.63 31.97
NUM:  38 A.S. LIMA             Penal: 0          0
A~NO ....1 ....2 ....3 ....4 ....5 ....6 ....7 ....8 ....9 ...10 ...11 ...12
2021  4.18  1.34  2.06  7.03  4.68  9.23 10.49 10.06  9.85  3.99 10.17  1.36
2022  4.26  1.36   2.1  7.18  4.77  9.43 10.72 10.28 10.07  4.06 10.39  1.37
2023  4.35  1.37  2.13  7.33  4.87  9.63 10.95  10.5 10.28  4.14 10.62  1.39
2024  4.43  1.39  2.16  7.48  4.96  9.83 11.18 10.72  10.5  4.22 10.84  1.41
2025  4.51  1.41   2.2  7.63  5.06 10.04 11.42 10.94 10.72   4.3 11.07  1.42
NUM:  39 IBITINGA              Penal: 0          0
A~NO ....1 ....2 ....3 ....4 ....5 ....6 ....7 ....8 ....9 ...10 ...11 ...12
2021  3.33  1.79  2.33  4.98  3.96  7.36   8.3  7.98  6.56  2.28   9.1  1.67
2022  3.39  1.81  2.37  5.07  4.03  7.51  8.48  8.14  6.69  2.31  9.29  1.69
2023  3.44  1.83   2.4  5.17   4.1  7.66  8.65  8.31  6.82  2.34  9.48   1.7
2024   3.5  1.85  2.43  5.26  4.17  7.82  8.82  8.47  6.96  2.37  9.67  1.72
2025  3.56  1.87  2.47  5.36  4.24  7.97     9  8.64  7.09   2.4  9.87  1.74
NUM:  40 PROMISSAO             Penal: 0          0
A~NO ....1 ....2 ....3 ....4 ....5 ....6 ....7 ....8 ....9 ...10 ...11 ...12
2021  1.19  0.85  1.36  3.35  2.88  4.89  5.43  4.73  5.39  2.05   3.3  0.86
2022   1.2  0.86  1.38  3.41  2.93  4.99  5.54  4.83   5.5  2.08  3.36  0.86
2023  1.21  0.86   1.4  3.47  2.99  5.09  5.65  4.92  5.61  2.11  3.43  0.87
2024  1.23  0.87  1.41  3.54  3.04  5.18  5.77  5.02  5.72  2.14  3.49  0.87
2025  1.24  0.87  1.43   3.6  3.09  5.28  5.88  5.11  5.83  2.18  3.55  0.88
NUM:  42 NAVANHANDAVA          Penal: 0          0
A~NO ....1 ....2 ....3 ....4 ....5 ....6 ....7 ....8 ....9 ...10 ...11 ...12
2021  1.87  0.44   1.6  3.97  3.54  5.71  6.44  5.59  6.44  2.94  3.87  0.44
2022   1.9  0.44  1.63  4.06  3.62  5.84  6.59  5.71  6.58     3  3.96  0.45
2023  1.94  0.45  1.66  4.14   3.7  5.97  6.73  5.84  6.72  3.06  4.04  0.45
2024  1.98  0.45  1.69  4.23  3.77  6.09  6.88  5.96  6.87  3.13  4.12  0.45
2025  2.01  0.45  1.72  4.31  3.85  6.22  7.02  6.09  7.01  3.19  4.21  0.45
NUM:  43 TRES IRMAOS           Penal: 0          0
A~NO ....1 ....2 ....3 ....4 ....5 ....6 ....7 ....8 ....9 ...10 ...11 ...12
2021  2.39     1  1.52  3.98  4.34  6.46  7.43  5.99  6.18  3.49  4.96     1
2022  2.43     1  1.54  4.06  4.42  6.59  7.59  6.12  6.31  3.56  5.06  1.01
2023  2.47  1.01  1.56  4.14  4.51  6.73  7.75  6.24  6.44  3.62  5.16  1.02
2024  2.51  1.02  1.57  4.21  4.59  6.87  7.91  6.37  6.57  3.69  5.26  1.03
2025  2.55  1.02  1.59  4.29  4.68     7  8.06  6.49   6.7  3.75  5.36  1.03
NUM:  45 JUPIA                 Penal: 0          0
A~NO ....1 ....2 ....3 ....4 ....5 ....6 ....7 ....8 ....9 ...10 ...11 ...12
2021  1.54  1.56  1.54  1.73  1.65  1.74  1.78  1.74  1.72  1.69  1.65  1.54
2022  1.56  1.58  1.56  1.75  1.66  1.76   1.8  1.76  1.74  1.71  1.67  1.55
2023  1.57  1.59  1.57  1.77  1.68  1.78  1.83  1.78  1.76  1.73  1.68  1.57
2024  1.59  1.61  1.59  1.79   1.7   1.8  1.85   1.8  1.78  1.75   1.7  1.58
2025   1.6  1.62   1.6  1.81  1.72  1.82  1.87  1.82   1.8  1.76  1.72   1.6
NUM:  46 P. PRIMAVERA          Penal: 0          0
A~NO ....1 ....2 ....3 ....4 ....5 ....6 ....7 ....8 ....9 ...10 ...11 ...12
2021  7.28   6.1 10.96 16.25 10.05 18.62 19.84  21.8  18.3 19.49  8.28  7.19
2022  7.35  6.13 11.12 16.56 10.19 18.99 20.24 22.26 18.67 19.88  8.37  7.25
2023  7.41  6.16 11.29 16.86 10.33 19.36 20.65 22.72 19.03 20.28  8.47  7.32
2024  7.48   6.2 11.45 17.17 10.47 19.73 21.05 23.17 19.39 20.67  8.56  7.38
2025  7.54  6.23 11.62 17.48 10.61  20.1 21.45 23.63 19.75 21.07  8.65  7.44
NUM: 278 MANSO                 Penal: 0          0
A~NO ....1 ....2 ....3 ....4 ....5 ....6 ....7 ....8 ....9 ...10 ...11 ...12
2021  0.21  0.21  0.21  0.21  0.25  0.28  0.29  0.31  0.26  0.23  0.22  0.22
2022  0.22  0.22  0.22  0.22  0.25  0.28   0.3  0.31  0.27  0.24  0.22  0.22
2023  0.22  0.22  0.22  0.22  0.26  0.29  0.31  0.32  0.27  0.25  0.23  0.23
2024  0.23  0.23  0.23  0.23  0.26   0.3  0.31  0.33  0.28  0.25  0.23  0.24
2025  0.23  0.23  0.23  0.23  0.27   0.3  0.32  0.34  0.29  0.26  0.24  0.24
NUM:  47 A.A. LAYDNER          Penal: 0          0
A~NO ....1 ....2 ....3 ....4 ....5 ....6 ....7 ....8 ....9 ...10 ...11 ...12
2021  1.01  1.01  1.01   6.2  2.35  8.09 10.31  10.4   5.3  1.03  10.6  1.02
2022  1.03  1.02  1.03  6.34  2.39  8.28 10.55 10.65  5.42  1.04 10.85  1.04
2023  1.04  1.04  1.04  6.48  2.43  8.46 10.79 10.89  5.54  1.05  11.1  1.05
2024  1.05  1.05  1.05  6.62  2.48  8.65 11.03 11.13  5.65  1.07 11.35  1.06
2025  1.06  1.06  1.06  6.76  2.52  8.84 11.27 11.37  5.77  1.08 11.59  1.07
NUM:  49 CHAVANTES             Penal: 0          0
A~NO ....1 ....2 ....3 ....4 ....5 ....6 ....7 ....8 ....9 ...10 ...11 ...12
2021  0.92   0.6  0.63  0.77  1.26  2.71  2.79  3.49  3.33  0.78  1.86   0.6
2022  0.94   0.6  0.64  0.78  1.28  2.77  2.85  3.56   3.4  0.79  1.89  0.61
2023  0.95  0.61  0.65  0.79  1.31  2.83  2.91  3.64  3.48   0.8  1.93  0.61
2024  0.97  0.61  0.65   0.8  1.33  2.89  2.98  3.72  3.55  0.81  1.97  0.62
2025  0.98  0.62  0.66  0.81  1.35  2.95  3.04  3.79  3.62  0.82  2.01  0.63
NUM:  50 L.N. GARCEZ           Penal: 0          0
A~NO ....1 ....2 ....3 ....4 ....5 ....6 ....7 ....8 ....9 ...10 ...11 ...12
2021  1.88  0.91  0.93  2.52  1.86  3.51  4.01  3.79  3.84  1.67  3.63  0.92
2022  1.91  0.92  0.94  2.57   1.9  3.59  4.09  3.87  3.92  1.69  3.71  0.93
2023  1.95  0.93  0.95  2.62  1.93  3.66  4.18  3.95  4.01  1.72  3.78  0.94
2024  1.98  0.94  0.96  2.67  1.97  3.74  4.27  4.04  4.09  1.75  3.86  0.95
2025  2.02  0.95  0.97  2.72     2  3.81  4.35  4.12  4.17  1.78  3.94  0.96
NUM:  51 CANOAS II             Penal: 0          0
A~NO ....1 ....2 ....3 ....4 ....5 ....6 ....7 ....8 ....9 ...10 ...11 ...12
2021  0.32   0.1  0.12   0.2  0.17  0.27  0.31  0.28  0.35  0.17  0.28  0.11
2022  0.32  0.11  0.12  0.21  0.17  0.28  0.32  0.29  0.35  0.17  0.28  0.11
2023  0.33  0.11  0.12  0.21  0.17  0.28  0.32  0.29  0.36  0.18  0.29  0.11
2024  0.34  0.11  0.12  0.21  0.18  0.29  0.33   0.3  0.37  0.18   0.3  0.11
2025  0.34  0.11  0.13  0.22  0.18  0.29  0.34   0.3  0.37  0.18   0.3  0.11
NUM:  52 CANOAS I              Penal: 0          0
A~NO ....1 ....2 ....3 ....4 ....5 ....6 ....7 ....8 ....9 ...10 ...11 ...12
2021  0.38  0.22  0.23  0.26  0.28  0.34   0.4  0.36  0.43  0.27  0.34  0.22
2022  0.38  0.22  0.24  0.26  0.29  0.35  0.41  0.37  0.44  0.28  0.35  0.22
2023  0.39  0.22  0.24  0.27  0.29  0.35  0.42  0.37  0.44  0.28  0.36  0.22
2024   0.4  0.22  0.24  0.27   0.3  0.36  0.43  0.38  0.45  0.29  0.36  0.23
2025   0.4  0.23  0.25  0.27   0.3  0.37  0.43  0.39  0.46  0.29  0.37  0.23
NUM:  61 CAPIVARA              Penal: 0          0
A~NO ....1 ....2 ....3 ....4 ....5 ....6 ....7 ....8 ....9 ...10 ...11 ...12
2021-12.11-15.59-15.55-15.19-14.02-12.24 -9.46-11.28  -9.9-14.13-12.82-15.55
2022-11.99-15.55 -15.5-15.13-13.95-12.11 -9.27-11.14 -9.72-14.06-12.71-15.51
2023-11.88-15.51-15.47-15.09-13.87-11.99 -9.09-10.99 -9.55-13.99 -12.6-15.48
2024-11.75-15.48-15.43-15.05-13.79-11.88 -8.89-10.85 -9.36-13.91 -12.5-15.43
2025-11.63-15.44-15.39-14.99-13.72-11.75 -8.71-10.71 -9.19-13.84 -12.4 -15.4
NUM:  62 TAQUARUCU             Penal: 0          0
A~NO ....1 ....2 ....3 ....4 ....5 ....6 ....7 ....8 ....9 ...10 ...11 ...12
2021  0.49   0.3  0.31  0.33  0.58  0.84  1.16  0.85  0.93  0.55  0.54  0.31
2022   0.5  0.31  0.31  0.33  0.59  0.85  1.18  0.86  0.95  0.56  0.55  0.31
2023  0.51  0.31  0.31  0.34   0.6  0.87  1.21  0.88  0.97  0.57  0.56  0.31
2024  0.52  0.31  0.31  0.34  0.61  0.89  1.23   0.9  0.99  0.58  0.57  0.32
2025  0.52  0.32  0.32  0.34  0.62   0.9  1.26  0.91  1.01  0.59  0.58  0.32
NUM:  63 ROSANA                Penal: 0          0
A~NO ....1 ....2 ....3 ....4 ....5 ....6 ....7 ....8 ....9 ...10 ...11 ...12
2021  2.26  1.88  1.91  1.94   2.3  2.59  3.38  2.62  3.08  2.19  2.31   1.9
2022  2.29   1.9  1.93  1.96  2.33  2.63  3.44  2.66  3.13  2.21  2.34  1.92
2023  2.32  1.92  1.95  1.98  2.36  2.67   3.5  2.69  3.18  2.24  2.37  1.94
2024  2.35  1.94  1.97  2.01  2.39  2.71  3.55  2.73  3.23  2.27   2.4  1.96
2025  2.38  1.96     2  2.03  2.42  2.75  3.61  2.77  3.29   2.3  2.43  1.99
NUM:1132 CALHA-CEDAE           Penal: 0          0
A~NO ....1 ....2 ....3 ....4 ....5 ....6 ....7 ....8 ....9 ...10 ...11 ...12
2021     6     6     6     6     6     6     6     6     6     6     6     6
2022     6     6     6     6     6     6     6     6     6     6     6     6
2023     6     6     6     6     6     6     6     6     6     6     6     6
2024     6     6     6     6     6     6     6     6     6     6     6     6
2025     6     6     6     6     6     6     6     6     6     6     6     6
