CURVAS DE OPERACAO DAS USINAS DO RIO SAO FRANCISCO (% VOLUME UTIL)
USINA  DEFLUENCIA  JAN(I) FEV(I) MAR(I) ABR(I) MAI(I) JUN(I) JUL(I) AGO(I) SET(I) OUT(I) NOV(I) DEZ(I)
_ XXX     XXXX.XX  XXX.XX XXX.XX XXX.XX XXX.XX XXX.XX XXX.XX XXX.XX XXX.XX XXX.XX XXX.XX XXX.XX XXX.XX
  156      150.00   30.00  32.00  34.00  38.00  40.30  40.00  32.40  30.00  30.00  30.00  30.00  30.00
  156      200.00   33.50  37.10  39.30  43.20  45.60  45.20  37.70  34.00  30.00  30.00  30.00  30.00
  156      250.00   38.70  42.20  44.50  48.50  50.80  50.40  42.90  39.20  31.30  30.00  30.00  33.90
  156      300.00   43.80  47.40  49.80  53.70  56.10  55.60  48.10  44.40  36.50  30.00  30.70  39.00
  156      350.00   48.90  52.50  55.00  58.90  60.00  60.00  53.40  49.70  41.60  32.40  35.80  44.20
  156      400.00   54.10  57.70  60.00  60.00  60.00  60.00  58.60  54.90  46.80  37.60  41.00  49.30
  156      450.00   59.20  60.00  60.00  60.00  60.00  60.00  60.00  60.00  51.90  42.80  46.10  54.50
  156      500.00   60.00  60.00  60.00  60.00  60.00  60.00  60.00  60.00  57.00  47.90  51.20  59.70
  169      800.00   32.30  35.60  43.80  50.60  56.10  54.90  51.90  41.80  31.10  24.90  21.00  22.80
  169      850.00   35.10  38.40  46.60  53.50  59.00  57.80  54.90  44.80  34.10  27.80  23.90  25.70
  169      900.00   38.00  41.20  49.50  56.30  60.00  60.00  57.80  47.80  37.00  30.80  26.80  28.60
  169      950.00   40.80  44.00  52.30  59.20  60.00  60.00  60.00  50.80  40.00  33.80  29.80  31.50
  169     1000.00   43.60  46.80  55.20  60.00  60.00  60.00  60.00  53.80  42.90  36.70  32.70  34.30
  169     1050.00   46.40  49.70  58.00  60.00  60.00  60.00  60.00  60.00  60.00  60.00  60.00  37.20
  169     1100.00   49.30  52.50  60.00  60.00  60.00  60.00  60.00  60.00  60.00  60.00  60.00  40.10
  169     1150.00   52.10  55.30  60.00  60.00  60.00  60.00  60.00  60.00  60.00  60.00  60.00  43.00
  169     1200.00   54.90  58.10  60.00  60.00  60.00  60.00  60.00  60.00  60.00  60.00  60.00  45.90
  169     1250.00   57.70  60.00  60.00  60.00  60.00  60.00  60.00  60.00  60.00  60.00  60.00  48.70
  169     1300.00   60.00  60.00  60.00  60.00  60.00  60.00  60.00  60.00  60.00  60.00  60.00  51.60
  169     1350.00   60.00  60.00  60.00  60.00  60.00  60.00  60.00  60.00  60.00  60.00  60.00  54.50
  169     1400.00   60.00  60.00  60.00  60.00  60.00  60.00  60.00  60.00  60.00  60.00  60.00  57.40
  999
LIMITES DAS FAIXAS DE OPERACAO
USINA  F.NORMAL  F.ATENCAO
_ XXX    XXX.XX     XXX.XX
  156     60.00      30.00
  169     60.00      20.00
  999
VAZAO MINIMA DE ACORDO COM A FAIXA DE OPERACAO
USINA  QMIN.FN  QMIN.FA  QMIN.FA  QMIN.FR  USI_REF
_ XXX  XXXX.XX  XXXX.XX  XXXX.XX  XXXX.XX      XXX
  156   150.00   150.00   150.00   100.00      156
  169   800.00   800.00   800.00   700.00      169
  178  1100.00   800.00   800.00   700.00      169
  999
DEFLUENCIA MAXIMA DE ACORDO COM A FAIXA DE OPERACAO
USINA  QSUP.FN  QSUP.FA  QSUP.FA  QSUP.FR  USI_REF
_ XXX  XXXXX.XX  XXXXX.XX  XXXXX.XX  XXXXX.XX      XXX
  156  99999.9   99999.9   99999.9    100.00       156
  178  99999.9   99999.9   1000.00    900.00       169
  999
VOLUME MININO DE ITAPARICA
USINA  QSUP.FN  QSUP.FA  QSUP.FA  QSUP.FR  USI_REF
_ XXX  XXXX.XX  XXXX.XX  XXXX.XX  XXXX.XX      XXX
  172    30.00    30.00    30.00      .00      169
  999
USINAS QUE TERAO PRIORIDADE DE DEPLECIONAMENTO REDUZIDA
USINA
_ XXX
_ 155
_ 156
_ 162
_ 169
_ 172
_ 999
